P_0,h_0,P_50,h_50,P_100,h_100,P_150,h_150,P_200,h_200,P_250,h_250,P_300,h_300,P_350,h_350,P_400,h_400,P_450,h_450,P_500,h_500,P_550,h_550,P_600,h_600,P_650,h_650,P_700,h_700,P_750,h_750,P_800,h_800
5,198.485,5,481.126,5,541.529,5,596.57,5,650.561,5,704.758,5,759.632,5,815.366,5,872.021,5,929.598,5,988.07,5,1047.39,5,1107.51,5,1168.38,5,1229.94,5,1292.14,5,1354.94
5.12563,198.379,5.12563,479.632,5.12563,540.669,5.12563,595.967,5.12563,650.105,5.12563,704.398,5.12563,759.34,5.12563,815.125,5.12563,871.821,5.12563,929.431,5.12563,987.929,5.12563,1047.27,5.12563,1107.41,5.12563,1168.3,5.12563,1229.87,5.12563,1292.09,5.12563,1354.9
5.25126,198.276,5.25126,478.116,5.25126,539.805,5.25126,595.363,5.25126,649.648,5.25126,704.038,5.25126,759.048,5.25126,814.886,5.25126,871.622,5.25126,929.265,5.25126,987.79,5.25126,1047.16,5.25126,1107.31,5.25126,1168.22,5.25126,1229.81,5.25126,1292.04,5.25126,1354.86
5.37688,198.174,5.37688,476.575,5.37688,538.937,5.37688,594.758,5.37688,649.192,5.37688,703.678,5.37688,758.757,5.37688,814.646,5.37688,871.423,5.37688,929.098,5.37688,987.65,5.37688,1047.04,5.37688,1107.22,5.37688,1168.13,5.37688,1229.74,5.37688,1291.98,5.37688,1354.82
5.50251,198.074,5.50251,475.009,5.50251,538.065,5.50251,594.153,5.50251,648.735,5.50251,703.318,5.50251,758.466,5.50251,814.407,5.50251,871.224,5.50251,928.932,5.50251,987.511,5.50251,1046.92,5.50251,1107.12,5.50251,1168.05,5.50251,1229.67,5.50251,1291.93,5.50251,1354.77
5.62814,197.976,5.62814,473.417,5.62814,537.189,5.62814,593.546,5.62814,648.278,5.62814,702.958,5.62814,758.175,5.62814,814.168,5.62814,871.026,5.62814,928.766,5.62814,987.372,5.62814,1046.81,5.62814,1107.02,5.62814,1167.97,5.62814,1229.61,5.62814,1291.88,5.62814,1354.73
5.75377,197.88,5.75377,471.798,5.75377,536.309,5.75377,592.938,5.75377,647.821,5.75377,702.599,5.75377,757.885,5.75377,813.929,5.75377,870.828,5.75377,928.601,5.75377,987.233,5.75377,1046.69,5.75377,1106.93,5.75377,1167.89,5.75377,1229.54,5.75377,1291.82,5.75377,1354.69
5.8794,197.786,5.8794,470.15,5.8794,535.425,5.8794,592.33,5.8794,647.364,5.8794,702.24,5.8794,757.595,5.8794,813.691,5.8794,870.63,5.8794,928.436,5.8794,987.095,5.8794,1046.57,5.8794,1106.83,5.8794,1167.81,5.8794,1229.48,5.8794,1291.77,5.8794,1354.65
6.00503,197.693,6.00503,468.473,6.00503,534.536,6.00503,591.72,6.00503,646.907,6.00503,701.881,6.00503,757.305,6.00503,813.453,6.00503,870.432,6.00503,928.271,6.00503,986.957,6.00503,1046.46,6.00503,1106.73,6.00503,1167.73,6.00503,1229.41,6.00503,1291.72,6.00503,1354.61
6.13065,197.603,6.13065,466.764,6.13065,533.644,6.13065,591.11,6.13065,646.449,6.13065,701.522,6.13065,757.016,6.13065,813.216,6.13065,870.235,6.13065,928.106,6.13065,986.819,6.13065,1046.34,6.13065,1106.64,6.13065,1167.65,6.13065,1229.35,6.13065,1291.66,6.13065,1354.57
6.25628,197.514,6.25628,465.023,6.25628,532.747,6.25628,590.498,6.25628,645.992,6.25628,701.163,6.25628,756.726,6.25628,812.978,6.25628,870.038,6.25628,927.942,6.25628,986.681,6.25628,1046.23,6.25628,1106.54,6.25628,1167.57,6.25628,1229.28,6.25628,1291.61,6.25628,1354.53
6.38191,197.426,6.38191,463.247,6.38191,531.847,6.38191,589.886,6.38191,645.534,6.38191,700.805,6.38191,756.437,6.38191,812.741,6.38191,869.842,6.38191,927.778,6.38191,986.544,6.38191,1046.11,6.38191,1106.45,6.38191,1167.49,6.38191,1229.22,6.38191,1291.56,6.38191,1354.49
6.50754,197.341,6.50754,461.435,6.50754,530.942,6.50754,589.273,6.50754,645.077,6.50754,700.446,6.50754,756.149,6.50754,812.505,6.50754,869.645,6.50754,927.614,6.50754,986.407,6.50754,1046,6.50754,1106.35,6.50754,1167.42,6.50754,1229.15,6.50754,1291.51,6.50754,1354.45
6.63317,197.256,6.63317,459.585,6.63317,530.033,6.63317,588.659,6.63317,644.619,6.63317,700.088,6.63317,755.86,6.63317,812.268,6.63317,869.45,6.63317,927.45,6.63317,986.27,6.63317,1045.88,6.63317,1106.25,6.63317,1167.34,6.63317,1229.09,6.63317,1291.46,6.63317,1354.4
6.75879,197.174,6.75879,457.696,6.75879,529.12,6.75879,588.044,6.75879,644.162,6.75879,699.73,6.75879,755.572,6.75879,812.032,6.75879,869.254,6.75879,927.287,6.75879,986.134,6.75879,1045.77,6.75879,1106.16,6.75879,1167.26,6.75879,1229.02,6.75879,1291.41,6.75879,1354.36
6.88442,197.093,6.88442,455.764,6.88442,528.202,6.88442,587.428,6.88442,643.704,6.88442,699.373,6.88442,755.285,6.88442,811.797,6.88442,869.059,6.88442,927.124,6.88442,985.998,6.88442,1045.66,6.88442,1106.06,6.88442,1167.18,6.88442,1228.96,6.88442,1291.35,6.88442,1354.32
7.01005,197.013,7.01005,453.788,7.01005,527.281,7.01005,586.811,7.01005,643.246,7.01005,699.015,7.01005,754.997,7.01005,811.561,7.01005,868.864,7.01005,926.962,7.01005,985.862,7.01005,1045.54,7.01005,1105.97,7.01005,1167.1,7.01005,1228.89,7.01005,1291.3,7.01005,1354.28
7.13568,196.935,7.13568,451.765,7.13568,526.355,7.13568,586.194,7.13568,642.789,7.13568,698.658,7.13568,754.71,7.13568,811.326,7.13568,868.669,7.13568,926.799,7.13568,985.726,7.13568,1045.43,7.13568,1105.88,7.13568,1167.02,7.13568,1228.83,7.13568,1291.25,7.13568,1354.24
7.26131,196.858,7.26131,449.692,7.26131,525.425,7.26131,585.575,7.26131,642.331,7.26131,698.301,7.26131,754.423,7.26131,811.091,7.26131,868.475,7.26131,926.637,7.26131,985.591,7.26131,1045.32,7.26131,1105.78,7.26131,1166.95,7.26131,1228.77,7.26131,1291.2,7.26131,1354.2
7.38693,196.783,7.38693,447.567,7.38693,524.491,7.38693,584.956,7.38693,641.873,7.38693,697.945,7.38693,754.137,7.38693,810.857,7.38693,868.281,7.38693,926.476,7.38693,985.456,7.38693,1045.2,7.38693,1105.69,7.38693,1166.87,7.38693,1228.7,7.38693,1291.15,7.38693,1354.16
7.51256,196.709,7.51256,445.385,7.51256,523.552,7.51256,584.336,7.51256,641.415,7.51256,697.588,7.51256,753.851,7.51256,810.623,7.51256,868.087,7.51256,926.314,7.51256,985.321,7.51256,1045.09,7.51256,1105.59,7.51256,1166.79,7.51256,1228.64,7.51256,1291.1,7.51256,1354.13
7.63819,196.636,7.63819,443.144,7.63819,522.609,7.63819,583.716,7.63819,640.958,7.63819,697.232,7.63819,753.565,7.63819,810.389,7.63819,867.893,7.63819,926.153,7.63819,985.186,7.63819,1044.98,7.63819,1105.5,7.63819,1166.71,7.63819,1228.58,7.63819,1291.05,7.63819,1354.09
7.76382,196.565,7.76382,440.84,7.76382,521.662,7.76382,583.094,7.76382,640.5,7.76382,696.876,7.76382,753.279,7.76382,810.156,7.76382,867.7,7.76382,925.992,7.76382,985.052,7.76382,1044.87,7.76382,1105.41,7.76382,1166.64,7.76382,1228.52,7.76382,1291,7.76382,1354.05
7.88945,196.494,7.88945,438.468,7.88945,520.711,7.88945,582.472,7.88945,640.042,7.88945,696.52,7.88945,752.994,7.88945,809.923,7.88945,867.508,7.88945,925.832,7.88945,984.918,7.88945,1044.75,7.88945,1105.31,7.88945,1166.56,7.88945,1228.45,7.88945,1290.95,7.88945,1354.01
8.01508,196.426,8.01508,436.024,8.01508,519.755,8.01508,581.849,8.01508,639.585,8.01508,696.165,8.01508,752.709,8.01508,809.69,8.01508,867.315,8.01508,925.672,8.01508,984.784,8.01508,1044.64,8.01508,1105.22,8.01508,1166.48,8.01508,1228.39,8.01508,1290.9,8.01508,1353.97
8.1407,196.358,8.1407,433.503,8.1407,518.796,8.1407,581.225,8.1407,639.127,8.1407,695.81,8.1407,752.425,8.1407,809.457,8.1407,867.123,8.1407,925.512,8.1407,984.65,8.1407,1044.53,8.1407,1105.13,8.1407,1166.41,8.1407,1228.33,8.1407,1290.85,8.1407,1353.93
8.26633,196.291,8.26633,430.899,8.26633,517.832,8.26633,580.601,8.26633,638.669,8.26633,695.455,8.26633,752.141,8.26633,809.225,8.26633,866.931,8.26633,925.352,8.26633,984.517,8.26633,1044.42,8.26633,1105.04,8.26633,1166.33,8.26633,1228.27,8.26633,1290.8,8.26633,1353.89
8.39196,196.226,8.39196,428.208,8.39196,516.863,8.39196,579.976,8.39196,638.212,8.39196,695.1,8.39196,751.857,8.39196,808.994,8.39196,866.74,8.39196,925.193,8.39196,984.384,8.39196,1044.31,8.39196,1104.94,8.39196,1166.26,8.39196,1228.2,8.39196,1290.75,8.39196,1353.85
8.51759,196.162,8.51759,425.422,8.51759,515.891,8.51759,579.35,8.51759,637.754,8.51759,694.746,8.51759,751.573,8.51759,808.762,8.51759,866.549,8.51759,925.034,8.51759,984.252,8.51759,1044.2,8.51759,1104.85,8.51759,1166.18,8.51759,1228.14,8.51759,1290.7,8.51759,1353.82
8.64322,196.099,8.64322,422.536,8.64322,514.914,8.64322,578.724,8.64322,637.297,8.64322,694.392,8.64322,751.29,8.64322,808.531,8.64322,866.358,8.64322,924.875,8.64322,984.119,8.64322,1044.09,8.64322,1104.76,8.64322,1166.1,8.64322,1228.08,8.64322,1290.65,8.64322,1353.78
8.76884,196.037,8.76884,419.543,8.76884,513.934,8.76884,578.097,8.76884,636.84,8.76884,694.038,8.76884,751.007,8.76884,808.3,8.76884,866.167,8.76884,924.717,8.76884,983.987,8.76884,1043.98,8.76884,1104.67,8.76884,1166.03,8.76884,1228.02,8.76884,1290.6,8.76884,1353.74
8.89447,195.977,8.89447,416.438,8.89447,512.949,8.89447,577.469,8.89447,636.383,8.89447,693.685,8.89447,750.725,8.89447,808.07,8.89447,865.977,8.89447,924.559,8.89447,983.855,8.89447,1043.87,8.89447,1104.58,8.89447,1165.95,8.89447,1227.96,8.89447,1290.55,8.89447,1353.7
9.0201,195.917,9.0201,413.213,9.0201,511.96,9.0201,576.841,9.0201,635.926,9.0201,693.331,9.0201,750.443,9.0201,807.84,9.0201,865.787,9.0201,924.401,9.0201,983.724,9.0201,1043.76,9.0201,1104.49,9.0201,1165.88,9.0201,1227.9,9.0201,1290.51,9.0201,1353.66
9.14573,195.858,9.14573,409.864,9.14573,510.967,9.14573,576.213,9.14573,635.469,9.14573,692.978,9.14573,750.161,9.14573,807.61,9.14573,865.598,9.14573,924.243,9.14573,983.592,9.14573,1043.65,9.14573,1104.4,9.14573,1165.8,9.14573,1227.84,9.14573,1290.46,9.14573,1353.63
9.27136,195.801,9.27136,406.388,9.27136,509.969,9.27136,575.583,9.27136,635.012,9.27136,692.626,9.27136,749.879,9.27136,807.381,9.27136,865.408,9.27136,924.086,9.27136,983.461,9.27136,1043.54,9.27136,1104.31,9.27136,1165.73,9.27136,1227.78,9.27136,1290.41,9.27136,1353.59
9.39698,195.744,9.39698,402.785,9.39698,508.968,9.39698,574.954,9.39698,634.555,9.39698,692.274,9.39698,749.598,9.39698,807.152,9.39698,865.219,9.39698,923.929,9.39698,983.33,9.39698,1043.43,9.39698,1104.22,9.39698,1165.66,9.39698,1227.72,9.39698,1290.36,9.39698,1353.55
9.52261,195.689,9.52261,399.055,9.52261,507.963,9.52261,574.323,9.52261,634.099,9.52261,691.922,9.52261,749.317,9.52261,806.923,9.52261,865.031,9.52261,923.772,9.52261,983.2,9.52261,1043.32,9.52261,1104.13,9.52261,1165.58,9.52261,1227.66,9.52261,1290.31,9.52261,1353.51
9.64824,195.634,9.64824,395.208,9.64824,506.954,9.64824,573.693,9.64824,633.642,9.64824,691.57,9.64824,749.037,9.64824,806.695,9.64824,864.843,9.64824,923.616,9.64824,983.07,9.64824,1043.21,9.64824,1104.04,9.64824,1165.51,9.64824,1227.6,9.64824,1290.26,9.64824,1353.48
9.77387,195.581,9.77387,391.257,9.77387,505.941,9.77387,573.061,9.77387,633.186,9.77387,691.219,9.77387,748.757,9.77387,806.467,9.77387,864.655,9.77387,923.46,9.77387,982.94,9.77387,1043.11,9.77387,1103.95,9.77387,1165.43,9.77387,1227.54,9.77387,1290.22,9.77387,1353.44
9.8995,195.528,9.8995,387.223,9.8995,504.924,9.8995,572.43,9.8995,632.73,9.8995,690.868,9.8995,748.477,9.8995,806.239,9.8995,864.467,9.8995,923.304,9.8995,982.81,9.8995,1043,9.8995,1103.86,9.8995,1165.36,9.8995,1227.48,9.8995,1290.17,9.8995,1353.4
10.0251,195.476,10.0251,383.133,10.0251,503.904,10.0251,571.798,10.0251,632.275,10.0251,690.517,10.0251,748.198,10.0251,806.012,10.0251,864.28,10.0251,923.149,10.0251,982.68,10.0251,1042.89,10.0251,1103.77,10.0251,1165.29,10.0251,1227.42,10.0251,1290.12,10.0251,1353.37
10.1508,195.426,10.1508,379.026,10.1508,502.88,10.1508,571.165,10.1508,631.819,10.1508,690.167,10.1508,747.919,10.1508,805.785,10.1508,864.093,10.1508,922.993,10.1508,982.551,10.1508,1042.78,10.1508,1103.68,10.1508,1165.21,10.1508,1227.36,10.1508,1290.08,10.1508,1353.33
10.2764,195.376,10.2764,374.945,10.2764,501.852,10.2764,570.532,10.2764,631.364,10.2764,689.817,10.2764,747.64,10.2764,805.559,10.2764,863.906,10.2764,922.839,10.2764,982.422,10.2764,1042.68,10.2764,1103.59,10.2764,1165.14,10.2764,1227.3,10.2764,1290.03,10.2764,1353.3
10.402,195.327,10.402,370.943,10.402,500.821,10.402,569.899,10.402,630.909,10.402,689.468,10.402,747.362,10.402,805.332,10.402,863.72,10.402,922.684,10.402,982.294,10.402,1042.57,10.402,1103.5,10.402,1165.07,10.402,1227.24,10.402,1289.98,10.402,1353.26
10.5276,195.279,10.5276,367.07,10.5276,499.786,10.5276,569.266,10.5276,630.454,10.5276,689.118,10.5276,747.084,10.5276,805.107,10.5276,863.534,10.5276,922.53,10.5276,982.165,10.5276,1042.46,10.5276,1103.41,10.5276,1164.99,10.5276,1227.18,10.5276,1289.94,10.5276,1353.22
10.6533,195.232,10.6533,363.371,10.6533,498.748,10.6533,568.632,10.6533,629.999,10.6533,688.77,10.6533,746.807,10.6533,804.881,10.6533,863.348,10.6533,922.376,10.6533,982.037,10.6533,1042.36,10.6533,1103.32,10.6533,1164.92,10.6533,1227.12,10.6533,1289.89,10.6533,1353.19
10.7789,195.186,10.7789,359.875,10.7789,497.707,10.7789,567.998,10.7789,629.545,10.7789,688.421,10.7789,746.53,10.7789,804.656,10.7789,863.163,10.7789,922.222,10.7789,981.909,10.7789,1042.25,10.7789,1103.24,10.7789,1164.85,10.7789,1227.06,10.7789,1289.84,10.7789,1353.15
10.9045,195.14,10.9045,356.595,10.9045,496.662,10.9045,567.364,10.9045,629.091,10.9045,688.073,10.9045,746.253,10.9045,804.431,10.9045,862.978,10.9045,922.069,10.9045,981.782,10.9045,1042.14,10.9045,1103.15,10.9045,1164.78,10.9045,1227.01,10.9045,1289.8,10.9045,1353.12
11.0302,195.095,11.0302,353.536,11.0302,495.614,11.0302,566.73,11.0302,628.637,11.0302,687.726,11.0302,745.977,11.0302,804.207,11.0302,862.793,11.0302,921.916,11.0302,981.655,11.0302,1042.04,11.0302,1103.06,11.0302,1164.71,11.0302,1226.95,11.0302,1289.75,11.0302,1353.08
11.1558,195.052,11.1558,350.694,11.1558,494.564,11.1558,566.095,11.1558,628.183,11.1558,687.378,11.1558,745.701,11.1558,803.983,11.1558,862.609,11.1558,921.763,11.1558,981.528,11.1558,1041.93,11.1558,1102.97,11.1558,1164.64,11.1558,1226.89,11.1558,1289.7,11.1558,1353.05
11.2814,195.009,11.2814,348.061,11.2814,493.51,11.2814,565.46,11.2814,627.73,11.2814,687.031,11.2814,745.425,11.2814,803.759,11.2814,862.425,11.2814,921.61,11.2814,981.401,11.2814,1041.83,11.2814,1102.89,11.2814,1164.56,11.2814,1226.83,11.2814,1289.66,11.2814,1353.01
11.407,194.967,11.407,345.625,11.407,492.454,11.407,564.826,11.407,627.277,11.407,686.685,11.407,745.15,11.407,803.536,11.407,862.241,11.407,921.458,11.407,981.274,11.407,1041.72,11.407,1102.8,11.407,1164.49,11.407,1226.77,11.407,1289.61,11.407,1352.98
11.5327,194.925,11.5327,343.37,11.5327,491.396,11.5327,564.191,11.5327,626.825,11.5327,686.339,11.5327,744.876,11.5327,803.313,11.5327,862.058,11.5327,921.306,11.5327,981.148,11.5327,1041.62,11.5327,1102.71,11.5327,1164.42,11.5327,1226.72,11.5327,1289.57,11.5327,1352.94
11.6583,194.884,11.6583,341.28,11.6583,490.335,11.6583,563.556,11.6583,626.372,11.6583,685.993,11.6583,744.601,11.6583,803.09,11.6583,861.875,11.6583,921.155,11.6583,981.022,11.6583,1041.51,11.6583,1102.63,11.6583,1164.35,11.6583,1226.66,11.6583,1289.52,11.6583,1352.91
11.7839,194.845,11.7839,339.341,11.7839,489.271,11.7839,562.921,11.7839,625.921,11.7839,685.648,11.7839,744.327,11.7839,802.868,11.7839,861.692,11.7839,921.003,11.7839,980.897,11.7839,1041.41,11.7839,1102.54,11.7839,1164.28,11.7839,1226.6,11.7839,1289.48,11.7839,1352.87
11.9095,194.805,11.9095,337.538,11.9095,488.206,11.9095,562.286,11.9095,625.469,11.9095,685.303,11.9095,744.054,11.9095,802.646,11.9095,861.51,11.9095,920.853,11.9095,980.771,11.9095,1041.3,11.9095,1102.45,11.9095,1164.21,11.9095,1226.55,11.9095,1289.43,11.9095,1352.84
12.0352,194.767,12.0352,335.857,12.0352,487.138,12.0352,561.651,12.0352,625.018,12.0352,684.959,12.0352,743.781,12.0352,802.425,12.0352,861.328,12.0352,920.702,12.0352,980.646,12.0352,1041.2,12.0352,1102.37,12.0352,1164.14,12.0352,1226.49,12.0352,1289.39,12.0352,1352.8
12.1608,194.729,12.1608,334.286,12.1608,486.069,12.1608,561.016,12.1608,624.567,12.1608,684.615,12.1608,743.508,12.1608,802.204,12.1608,861.147,12.1608,920.551,12.1608,980.521,12.1608,1041.1,12.1608,1102.28,12.1608,1164.07,12.1608,1226.43,12.1608,1289.34,12.1608,1352.77
12.2864,194.693,12.2864,332.814,12.2864,484.998,12.2864,560.382,12.2864,624.117,12.2864,684.271,12.2864,743.236,12.2864,801.983,12.2864,860.965,12.2864,920.401,12.2864,980.397,12.2864,1040.99,12.2864,1102.2,12.2864,1164,12.2864,1226.38,12.2864,1289.3,12.2864,1352.74
12.4121,194.656,12.4121,331.432,12.4121,483.926,12.4121,559.747,12.4121,623.667,12.4121,683.928,12.4121,742.964,12.4121,801.763,12.4121,860.784,12.4121,920.252,12.4121,980.272,12.4121,1040.89,12.4121,1102.11,12.4121,1163.93,12.4121,1226.32,12.4121,1289.25,12.4121,1352.7
12.5377,194.621,12.5377,330.13,12.5377,482.852,12.5377,559.113,12.5377,623.218,12.5377,683.586,12.5377,742.693,12.5377,801.543,12.5377,860.604,12.5377,920.102,12.5377,980.148,12.5377,1040.79,12.5377,1102.03,12.5377,1163.86,12.5377,1226.26,12.5377,1289.21,12.5377,1352.67
12.6633,194.586,12.6633,328.901,12.6633,481.777,12.6633,558.479,12.6633,622.769,12.6633,683.243,12.6633,742.422,12.6633,801.324,12.6633,860.423,12.6633,919.953,12.6633,980.024,12.6633,1040.68,12.6633,1101.94,12.6633,1163.79,12.6633,1226.21,12.6633,1289.17,12.6633,1352.64
12.7889,194.552,12.7889,327.738,12.7889,480.702,12.7889,557.845,12.7889,622.32,12.7889,682.902,12.7889,742.151,12.7889,801.104,12.7889,860.243,12.7889,919.804,12.7889,979.901,12.7889,1040.58,12.7889,1101.86,12.7889,1163.72,12.7889,1226.15,12.7889,1289.12,12.7889,1352.6
12.9146,194.518,12.9146,326.636,12.9146,479.626,12.9146,557.211,12.9146,621.872,12.9146,682.561,12.9146,741.881,12.9146,800.886,12.9146,860.064,12.9146,919.656,12.9146,979.778,12.9146,1040.48,12.9146,1101.77,12.9146,1163.65,12.9146,1226.1,12.9146,1289.08,12.9146,1352.57
13.0402,194.486,13.0402,325.589,13.0402,478.55,13.0402,556.578,13.0402,621.424,13.0402,682.22,13.0402,741.611,13.0402,800.667,13.0402,859.885,13.0402,919.507,13.0402,979.655,13.0402,1040.38,13.0402,1101.69,13.0402,1163.58,13.0402,1226.04,13.0402,1289.04,13.0402,1352.54
13.1658,194.453,13.1658,324.592,13.1658,477.473,13.1658,555.945,13.1658,620.977,13.1658,681.88,13.1658,741.342,13.1658,800.449,13.1658,859.706,13.1658,919.359,13.1658,979.532,13.1658,1040.28,13.1658,1101.61,13.1658,1163.52,13.1658,1225.99,13.1658,1288.99,13.1658,1352.5
13.2915,194.422,13.2915,323.642,13.2915,476.397,13.2915,555.313,13.2915,620.531,13.2915,681.54,13.2915,741.073,13.2915,800.232,13.2915,859.527,13.2915,919.212,13.2915,979.41,13.2915,1040.17,13.2915,1101.52,13.2915,1163.45,13.2915,1225.93,13.2915,1288.95,13.2915,1352.47
13.4171,194.391,13.4171,322.735,13.4171,475.321,13.4171,554.681,13.4171,620.084,13.4171,681.2,13.4171,740.805,13.4171,800.014,13.4171,859.349,13.4171,919.065,13.4171,979.287,13.4171,1040.07,13.4171,1101.44,13.4171,1163.38,13.4171,1225.88,13.4171,1288.91,13.4171,1352.44
13.5427,194.361,13.5427,321.867,13.5427,474.246,13.5427,554.049,13.5427,619.639,13.5427,680.862,13.5427,740.537,13.5427,799.798,13.5427,859.171,13.5427,918.918,13.5427,979.166,13.5427,1039.97,13.5427,1101.36,13.5427,1163.31,13.5427,1225.82,13.5427,1288.86,13.5427,1352.41
13.6683,194.331,13.6683,321.037,13.6683,473.171,13.6683,553.418,13.6683,619.194,13.6683,680.523,13.6683,740.269,13.6683,799.581,13.6683,858.994,13.6683,918.771,13.6683,979.044,13.6683,1039.87,13.6683,1101.27,13.6683,1163.24,13.6683,1225.77,13.6683,1288.82,13.6683,1352.37
13.794,194.302,13.794,320.24,13.794,472.098,13.794,552.787,13.794,618.749,13.794,680.186,13.794,740.002,13.794,799.365,13.794,858.816,13.794,918.624,13.794,978.923,13.794,1039.77,13.794,1101.19,13.794,1163.18,13.794,1225.71,13.794,1288.78,13.794,1352.34
13.9196,194.274,13.9196,319.475,13.9196,471.026,13.9196,552.157,13.9196,618.305,13.9196,679.848,13.9196,739.736,13.9196,799.15,13.9196,858.64,13.9196,918.478,13.9196,978.801,13.9196,1039.67,13.9196,1101.11,13.9196,1163.11,13.9196,1225.66,13.9196,1288.74,13.9196,1352.31
14.0452,194.246,14.0452,318.739,14.0452,469.956,14.0452,551.528,14.0452,617.862,14.0452,679.512,14.0452,739.47,14.0452,798.934,14.0452,858.463,14.0452,918.332,14.0452,978.681,14.0452,1039.57,14.0452,1101.03,14.0452,1163.04,14.0452,1225.61,14.0452,1288.69,14.0452,1352.28
14.1709,194.219,14.1709,318.031,14.1709,468.888,14.1709,550.899,14.1709,617.419,14.1709,679.175,14.1709,739.204,14.1709,798.72,14.1709,858.287,14.1709,918.187,14.1709,978.56,14.1709,1039.47,14.1709,1100.94,14.1709,1162.98,14.1709,1225.55,14.1709,1288.65,14.1709,1352.24
14.2965,194.192,14.2965,317.349,14.2965,467.822,14.2965,550.271,14.2965,616.977,14.2965,678.84,14.2965,738.939,14.2965,798.505,14.2965,858.111,14.2965,918.042,14.2965,978.44,14.2965,1039.37,14.2965,1100.86,14.2965,1162.91,14.2965,1225.5,14.2965,1288.61,14.2965,1352.21
14.4221,194.166,14.4221,316.692,14.4221,466.759,14.4221,549.644,14.4221,616.536,14.4221,678.504,14.4221,738.674,14.4221,798.291,14.4221,857.936,14.4221,917.897,14.4221,978.32,14.4221,1039.27,14.4221,1100.78,14.4221,1162.84,14.4221,1225.45,14.4221,1288.57,14.4221,1352.18
14.5477,194.141,14.5477,316.057,14.5477,465.699,14.5477,549.017,14.5477,616.095,14.5477,678.17,14.5477,738.41,14.5477,798.077,14.5477,857.761,14.5477,917.752,14.5477,978.2,14.5477,1039.17,14.5477,1100.7,14.5477,1162.78,14.5477,1225.39,14.5477,1288.53,14.5477,1352.15
14.6734,194.116,14.6734,315.443,14.6734,464.641,14.6734,548.392,14.6734,615.655,14.6734,677.836,14.6734,738.146,14.6734,797.864,14.6734,857.586,14.6734,917.608,14.6734,978.081,14.6734,1039.07,14.6734,1100.62,14.6734,1162.71,14.6734,1225.34,14.6734,1288.48,14.6734,1352.12
14.799,194.092,14.799,314.85,14.799,463.588,14.799,547.767,14.799,615.215,14.799,677.502,14.799,737.883,14.799,797.651,14.799,857.412,14.799,917.464,14.799,977.962,14.799,1038.98,14.799,1100.54,14.799,1162.64,14.799,1225.29,14.799,1288.44,14.799,1352.09
14.9246,194.068,14.9246,314.276,14.9246,462.537,14.9246,547.143,14.9246,614.776,14.9246,677.169,14.9246,737.62,14.9246,797.439,14.9246,857.238,14.9246,917.321,14.9246,977.843,14.9246,1038.88,14.9246,1100.46,14.9246,1162.58,14.9246,1225.23,14.9246,1288.4,14.9246,1352.06
15.0503,194.045,15.0503,313.72,15.0503,461.492,15.0503,546.52,15.0503,614.338,15.0503,676.837,15.0503,737.357,15.0503,797.227,15.0503,857.064,15.0503,917.177,15.0503,977.724,15.0503,1038.78,15.0503,1100.37,15.0503,1162.51,15.0503,1225.18,15.0503,1288.36,15.0503,1352.03
15.1759,194.022,15.1759,313.181,15.1759,460.45,15.1759,545.898,15.1759,613.901,15.1759,676.505,15.1759,737.095,15.1759,797.015,15.1759,856.891,15.1759,917.034,15.1759,977.606,15.1759,1038.68,15.1759,1100.29,15.1759,1162.45,15.1759,1225.13,15.1759,1288.32,15.1759,1352
15.3015,194,15.3015,312.659,15.3015,459.414,15.3015,545.277,15.3015,613.464,15.3015,676.174,15.3015,736.834,15.3015,796.804,15.3015,856.718,15.3015,916.891,15.3015,977.488,15.3015,1038.58,15.3015,1100.21,15.3015,1162.38,15.3015,1225.08,15.3015,1288.28,15.3015,1351.97
15.4271,193.978,15.4271,312.151,15.4271,458.382,15.4271,544.657,15.4271,613.028,15.4271,675.843,15.4271,736.573,15.4271,796.594,15.4271,856.545,15.4271,916.749,15.4271,977.37,15.4271,1038.49,15.4271,1100.13,15.4271,1162.32,15.4271,1225.02,15.4271,1288.24,15.4271,1351.93
15.5528,193.957,15.5528,311.659,15.5528,457.355,15.5528,544.038,15.5528,612.593,15.5528,675.513,15.5528,736.313,15.5528,796.383,15.5528,856.373,15.5528,916.607,15.5528,977.252,15.5528,1038.39,15.5528,1100.05,15.5528,1162.25,15.5528,1224.97,15.5528,1288.2,15.5528,1351.9
15.6784,193.937,15.6784,311.18,15.6784,456.334,15.6784,543.42,15.6784,612.158,15.6784,675.184,15.6784,736.053,15.6784,796.173,15.6784,856.201,15.6784,916.465,15.6784,977.135,15.6784,1038.29,15.6784,1099.98,15.6784,1162.19,15.6784,1224.92,15.6784,1288.16,15.6784,1351.87
15.804,193.917,15.804,310.715,15.804,455.319,15.804,542.804,15.804,611.724,15.804,674.855,15.804,735.793,15.804,795.964,15.804,856.03,15.804,916.324,15.804,977.018,15.804,1038.2,15.804,1099.9,15.804,1162.12,15.804,1224.87,15.804,1288.12,15.804,1351.84
15.9296,193.897,15.9296,310.262,15.9296,454.31,15.9296,542.189,15.9296,611.291,15.9296,674.527,15.9296,735.534,15.9296,795.755,15.9296,855.858,15.9296,916.183,15.9296,976.901,15.9296,1038.1,15.9296,1099.82,15.9296,1162.06,15.9296,1224.82,15.9296,1288.08,15.9296,1351.81
16.0553,193.878,16.0553,309.821,16.0553,453.307,16.0553,541.574,16.0553,610.859,16.0553,674.199,16.0553,735.276,16.0553,795.546,16.0553,855.688,16.0553,916.042,16.0553,976.785,16.0553,1038,16.0553,1099.74,16.0553,1161.99,16.0553,1224.77,16.0553,1288.04,16.0553,1351.78
16.1809,193.859,16.1809,309.392,16.1809,452.311,16.1809,540.962,16.1809,610.428,16.1809,673.872,16.1809,735.018,16.1809,795.338,16.1809,855.517,16.1809,915.901,16.1809,976.669,16.1809,1037.91,16.1809,1099.66,16.1809,1161.93,16.1809,1224.72,16.1809,1288,16.1809,1351.76
16.3065,193.841,16.3065,308.974,16.3065,451.322,16.3065,540.35,16.3065,609.997,16.3065,673.546,16.3065,734.76,16.3065,795.13,16.3065,855.347,16.3065,915.761,16.3065,976.553,16.3065,1037.81,16.3065,1099.58,16.3065,1161.87,16.3065,1224.67,16.3065,1287.96,16.3065,1351.73
16.4322,193.824,16.4322,308.567,16.4322,450.34,16.4322,539.74,16.4322,609.568,16.4322,673.22,16.4322,734.503,16.4322,794.922,16.4322,855.177,16.4322,915.621,16.4322,976.437,16.4322,1037.72,16.4322,1099.5,16.4322,1161.8,16.4322,1224.61,16.4322,1287.92,16.4322,1351.7
16.5578,193.807,16.5578,308.17,16.5578,449.366,16.5578,539.131,16.5578,609.139,16.5578,672.895,16.5578,734.247,16.5578,794.715,16.5578,855.008,16.5578,915.481,16.5578,976.322,16.5578,1037.62,16.5578,1099.42,16.5578,1161.74,16.5578,1224.56,16.5578,1287.88,16.5578,1351.67
16.6834,193.79,16.6834,307.782,16.6834,448.399,16.6834,538.524,16.6834,608.711,16.6834,672.57,16.6834,733.991,16.6834,794.509,16.6834,854.839,16.6834,915.342,16.6834,976.207,16.6834,1037.53,16.6834,1099.35,16.6834,1161.68,16.6834,1224.51,16.6834,1287.84,16.6834,1351.64
16.809,193.774,16.809,307.404,16.809,447.44,16.809,537.919,16.809,608.283,16.809,672.246,16.809,733.736,16.809,794.303,16.809,854.67,16.809,915.203,16.809,976.092,16.809,1037.43,16.809,1099.27,16.809,1161.61,16.809,1224.46,16.809,1287.8,16.809,1351.61
16.9347,193.758,16.9347,307.034,16.9347,446.49,16.9347,537.315,16.9347,607.857,16.9347,671.923,16.9347,733.481,16.9347,794.097,16.9347,854.502,16.9347,915.065,16.9347,975.977,16.9347,1037.34,16.9347,1099.19,16.9347,1161.55,16.9347,1224.41,16.9347,1287.76,16.9347,1351.58
17.0603,193.743,17.0603,306.674,17.0603,445.547,17.0603,536.712,17.0603,607.432,17.0603,671.6,17.0603,733.226,17.0603,793.892,17.0603,854.334,17.0603,914.926,17.0603,975.863,17.0603,1037.24,17.0603,1099.11,17.0603,1161.49,17.0603,1224.36,17.0603,1287.72,17.0603,1351.55
17.1859,193.728,17.1859,306.321,17.1859,444.613,17.1859,536.111,17.1859,607.007,17.1859,671.279,17.1859,732.972,17.1859,793.687,17.1859,854.167,17.1859,914.788,17.1859,975.749,17.1859,1037.15,17.1859,1099.04,17.1859,1161.43,17.1859,1224.31,17.1859,1287.69,17.1859,1351.52
17.3116,193.714,17.3116,305.977,17.3116,443.687,17.3116,535.512,17.3116,606.584,17.3116,670.957,17.3116,732.719,17.3116,793.483,17.3116,854,17.3116,914.651,17.3116,975.635,17.3116,1037.06,17.3116,1098.96,17.3116,1161.36,17.3116,1224.26,17.3116,1287.65,17.3116,1351.5
17.4372,193.7,17.4372,305.64,17.4372,442.771,17.4372,534.915,17.4372,606.161,17.4372,670.637,17.4372,732.466,17.4372,793.279,17.4372,853.833,17.4372,914.513,17.4372,975.522,17.4372,1036.96,17.4372,1098.88,17.4372,1161.3,17.4372,1224.22,17.4372,1287.61,17.4372,1351.47
17.5628,193.686,17.5628,305.311,17.5628,441.863,17.5628,534.319,17.5628,605.739,17.5628,670.317,17.5628,732.214,17.5628,793.075,17.5628,853.666,17.5628,914.376,17.5628,975.409,17.5628,1036.87,17.5628,1098.81,17.5628,1161.24,17.5628,1224.17,17.5628,1287.57,17.5628,1351.44
17.6884,193.673,17.6884,304.988,17.6884,440.964,17.6884,533.725,17.6884,605.318,17.6884,669.998,17.6884,731.962,17.6884,792.872,17.6884,853.5,17.6884,914.239,17.6884,975.296,17.6884,1036.78,17.6884,1098.73,17.6884,1161.18,17.6884,1224.12,17.6884,1287.53,17.6884,1351.41
17.8141,193.661,17.8141,304.673,17.8141,440.075,17.8141,533.133,17.8141,604.899,17.8141,669.679,17.8141,731.711,17.8141,792.669,17.8141,853.335,17.8141,914.103,17.8141,975.183,17.8141,1036.68,17.8141,1098.66,17.8141,1161.12,17.8141,1224.07,17.8141,1287.5,17.8141,1351.38
17.9397,193.648,17.9397,304.364,17.9397,439.195,17.9397,532.542,17.9397,604.48,17.9397,669.361,17.9397,731.461,17.9397,792.467,17.9397,853.169,17.9397,913.967,17.9397,975.071,17.9397,1036.59,17.9397,1098.58,17.9397,1161.06,17.9397,1224.02,17.9397,1287.46,17.9397,1351.36
18.0653,193.637,18.0653,304.062,18.0653,438.324,18.0653,531.954,18.0653,604.062,18.0653,669.044,18.0653,731.21,18.0653,792.265,18.0653,853.004,18.0653,913.831,18.0653,974.959,18.0653,1036.5,18.0653,1098.5,18.0653,1160.99,18.0653,1223.97,18.0653,1287.42,18.0653,1351.33
18.191,193.625,18.191,303.766,18.191,437.463,18.191,531.367,18.191,603.645,18.191,668.728,18.191,730.961,18.191,792.064,18.191,852.84,18.191,913.696,18.191,974.847,18.191,1036.41,18.191,1098.43,18.191,1160.93,18.191,1223.92,18.191,1287.38,18.191,1351.3
18.3166,193.614,18.3166,303.476,18.3166,436.611,18.3166,530.783,18.3166,603.229,18.3166,668.412,18.3166,730.712,18.3166,791.863,18.3166,852.676,18.3166,913.56,18.3166,974.736,18.3166,1036.31,18.3166,1098.35,18.3166,1160.87,18.3166,1223.88,18.3166,1287.35,18.3166,1351.27
18.4422,193.604,18.4422,303.192,18.4422,435.769,18.4422,530.2,18.4422,602.815,18.4422,668.097,18.4422,730.463,18.4422,791.663,18.4422,852.512,18.4422,913.425,18.4422,974.624,18.4422,1036.22,18.4422,1098.28,18.4422,1160.81,18.4422,1223.83,18.4422,1287.31,18.4422,1351.25
18.5678,193.594,18.5678,302.913,18.5678,434.937,18.5678,529.62,18.5678,602.401,18.5678,667.783,18.5678,730.215,18.5678,791.463,18.5678,852.348,18.5678,913.291,18.5678,974.513,18.5678,1036.13,18.5678,1098.2,18.5678,1160.75,18.5678,1223.78,18.5678,1287.27,18.5678,1351.22
18.6935,193.584,18.6935,302.64,18.6935,434.115,18.6935,529.042,18.6935,601.988,18.6935,667.469,18.6935,729.968,18.6935,791.263,18.6935,852.185,18.6935,913.157,18.6935,974.403,18.6935,1036.04,18.6935,1098.13,18.6935,1160.69,18.6935,1223.73,18.6935,1287.24,18.6935,1351.19
18.8191,193.575,18.8191,302.373,18.8191,433.303,18.8191,528.466,18.8191,601.577,18.8191,667.156,18.8191,729.721,18.8191,791.064,18.8191,852.023,18.8191,913.023,18.8191,974.292,18.8191,1035.95,18.8191,1098.06,18.8191,1160.63,18.8191,1223.68,18.8191,1287.2,18.8191,1351.17
18.9447,193.566,18.9447,302.11,18.9447,432.5,18.9447,527.892,18.9447,601.166,18.9447,666.844,18.9447,729.475,18.9447,790.866,18.9447,851.86,18.9447,912.889,18.9447,974.182,18.9447,1035.86,18.9447,1097.98,18.9447,1160.57,18.9447,1223.64,18.9447,1287.16,18.9447,1351.14
19.0704,193.557,19.0704,301.852,19.0704,431.708,19.0704,527.32,19.0704,600.757,19.0704,666.533,19.0704,729.229,19.0704,790.667,19.0704,851.698,19.0704,912.756,19.0704,974.072,19.0704,1035.77,19.0704,1097.91,19.0704,1160.51,19.0704,1223.59,19.0704,1287.13,19.0704,1351.11
19.196,193.549,19.196,301.599,19.196,430.925,19.196,526.75,19.196,600.348,19.196,666.222,19.196,728.984,19.196,790.47,19.196,851.537,19.196,912.623,19.196,973.963,19.196,1035.68,19.196,1097.83,19.196,1160.45,19.196,1223.54,19.196,1287.09,19.196,1351.09
19.3216,193.541,19.3216,301.351,19.3216,430.152,19.3216,526.183,19.3216,599.941,19.3216,665.912,19.3216,728.74,19.3216,790.272,19.3216,851.375,19.3216,912.49,19.3216,973.853,19.3216,1035.59,19.3216,1097.76,19.3216,1160.39,19.3216,1223.5,19.3216,1287.06,19.3216,1351.06
19.4472,193.534,19.4472,301.108,19.4472,429.389,19.4472,525.618,19.4472,599.535,19.4472,665.603,19.4472,728.496,19.4472,790.076,19.4472,851.215,19.4472,912.358,19.4472,973.744,19.4472,1035.5,19.4472,1097.69,19.4472,1160.34,19.4472,1223.45,19.4472,1287.02,19.4472,1351.03
19.5729,193.527,19.5729,300.869,19.5729,428.635,19.5729,525.055,19.5729,599.13,19.5729,665.294,19.5729,728.252,19.5729,789.879,19.5729,851.054,19.5729,912.226,19.5729,973.636,19.5729,1035.41,19.5729,1097.61,19.5729,1160.28,19.5729,1223.4,19.5729,1286.98,19.5729,1351.01
19.6985,193.52,19.6985,300.634,19.6985,427.892,19.6985,524.495,19.6985,598.726,19.6985,664.987,19.6985,728.009,19.6985,789.683,19.6985,850.894,19.6985,912.095,19.6985,973.527,19.6985,1035.32,19.6985,1097.54,19.6985,1160.22,19.6985,1223.36,19.6985,1286.95,19.6985,1350.98
19.8241,193.514,19.8241,300.403,19.8241,427.158,19.8241,523.937,19.8241,598.323,19.8241,664.68,19.8241,727.767,19.8241,789.488,19.8241,850.734,19.8241,911.963,19.8241,973.419,19.8241,1035.23,19.8241,1097.47,19.8241,1160.16,19.8241,1223.31,19.8241,1286.91,19.8241,1350.96
19.9497,193.508,19.9497,300.177,19.9497,426.434,19.9497,523.381,19.9497,597.921,19.9497,664.374,19.9497,727.525,19.9497,789.293,19.9497,850.575,19.9497,911.832,19.9497,973.311,19.9497,1035.14,19.9497,1097.4,19.9497,1160.1,19.9497,1223.26,19.9497,1286.88,19.9497,1350.93
20.0754,193.502,20.0754,299.954,20.0754,425.72,20.0754,522.828,20.0754,597.521,20.0754,664.068,20.0754,727.284,20.0754,789.098,20.0754,850.416,20.0754,911.702,20.0754,973.203,20.0754,1035.05,20.0754,1097.32,20.0754,1160.04,20.0754,1223.22,20.0754,1286.84,20.0754,1350.91
20.201,193.497,20.201,299.735,20.201,425.016,20.201,522.277,20.201,597.122,20.201,663.764,20.201,727.044,20.201,788.904,20.201,850.258,20.201,911.571,20.201,973.096,20.201,1034.97,20.201,1097.25,20.201,1159.99,20.201,1223.17,20.201,1286.81,20.201,1350.88
20.3266,193.492,20.3266,299.52,20.3266,424.321,20.3266,521.729,20.3266,596.724,20.3266,663.46,20.3266,726.804,20.3266,788.711,20.3266,850.1,20.3266,911.441,20.3266,972.989,20.3266,1034.88,20.3266,1097.18,20.3266,1159.93,20.3266,1223.13,20.3266,1286.77,20.3266,1350.85
20.4523,193.488,20.4523,299.309,20.4523,423.635,20.4523,521.183,20.4523,596.327,20.4523,663.157,20.4523,726.564,20.4523,788.518,20.4523,849.942,20.4523,911.311,20.4523,972.882,20.4523,1034.79,20.4523,1097.11,20.4523,1159.87,20.4523,1223.08,20.4523,1286.74,20.4523,1350.83
20.5779,193.484,20.5779,299.101,20.5779,422.959,20.5779,520.64,20.5779,595.931,20.5779,662.855,20.5779,726.325,20.5779,788.325,20.5779,849.784,20.5779,911.182,20.5779,972.775,20.5779,1034.7,20.5779,1097.04,20.5779,1159.81,20.5779,1223.04,20.5779,1286.71,20.5779,1350.8
20.7035,193.48,20.7035,298.897,20.7035,422.292,20.7035,520.1,20.7035,595.536,20.7035,662.553,20.7035,726.087,20.7035,788.133,20.7035,849.627,20.7035,911.053,20.7035,972.669,20.7035,1034.62,20.7035,1096.97,20.7035,1159.76,20.7035,1222.99,20.7035,1286.67,20.7035,1350.78
20.8291,193.476,20.8291,298.696,20.8291,421.635,20.8291,519.562,20.8291,595.143,20.8291,662.253,20.8291,725.85,20.8291,787.941,20.8291,849.471,20.8291,910.924,20.8291,972.563,20.8291,1034.53,20.8291,1096.9,20.8291,1159.7,20.8291,1222.95,20.8291,1286.64,20.8291,1350.76
20.9548,193.473,20.9548,298.499,20.9548,420.986,20.9548,519.027,20.9548,594.751,20.9548,661.953,20.9548,725.613,20.9548,787.75,20.9548,849.314,20.9548,910.796,20.9548,972.458,20.9548,1034.44,20.9548,1096.83,20.9548,1159.64,20.9548,1222.9,20.9548,1286.6,20.9548,1350.73
21.0804,193.47,21.0804,298.305,21.0804,420.347,21.0804,518.494,21.0804,594.36,21.0804,661.654,21.0804,725.376,21.0804,787.559,21.0804,849.159,21.0804,910.668,21.0804,972.352,21.0804,1034.36,21.0804,1096.76,21.0804,1159.59,21.0804,1222.86,21.0804,1286.57,21.0804,1350.71
21.206,193.468,21.206,298.114,21.206,419.717,21.206,517.964,21.206,593.971,21.206,661.356,21.206,725.14,21.206,787.369,21.206,849.003,21.206,910.54,21.206,972.247,21.206,1034.27,21.206,1096.69,21.206,1159.53,21.206,1222.81,21.206,1286.54,21.206,1350.68
21.3317,193.466,21.3317,297.926,21.3317,419.095,21.3317,517.437,21.3317,593.583,21.3317,661.058,21.3317,724.905,21.3317,787.179,21.3317,848.848,21.3317,910.412,21.3317,972.142,21.3317,1034.18,21.3317,1096.62,21.3317,1159.47,21.3317,1222.77,21.3317,1286.5,21.3317,1350.66
21.4573,193.464,21.4573,297.741,21.4573,418.483,21.4573,516.912,21.4573,593.196,21.4573,660.762,21.4573,724.671,21.4573,786.989,21.4573,848.693,21.4573,910.285,21.4573,972.037,21.4573,1034.1,21.4573,1096.55,21.4573,1159.42,21.4573,1222.73,21.4573,1286.47,21.4573,1350.63
21.5829,193.463,21.5829,297.559,21.5829,417.879,21.5829,516.39,21.5829,592.81,21.5829,660.466,21.5829,724.436,21.5829,786.8,21.5829,848.539,21.5829,910.158,21.5829,971.933,21.5829,1034.01,21.5829,1096.48,21.5829,1159.36,21.5829,1222.68,21.5829,1286.44,21.5829,1350.61
21.7085,193.461,21.7085,297.38,21.7085,417.283,21.7085,515.871,21.7085,592.426,21.7085,660.171,21.7085,724.203,21.7085,786.612,21.7085,848.385,21.7085,910.032,21.7085,971.829,21.7085,1033.93,21.7085,1096.41,21.7085,1159.31,21.7085,1222.64,21.7085,1286.4,21.7085,1350.59
21.8342,193.461,21.8342,297.203,21.8342,416.696,21.8342,515.355,21.8342,592.043,21.8342,659.877,21.8342,723.97,21.8342,786.424,21.8342,848.232,21.8342,909.906,21.8342,971.725,21.8342,1033.84,21.8342,1096.34,21.8342,1159.25,21.8342,1222.59,21.8342,1286.37,21.8342,1350.56
21.9598,193.46,21.9598,297.03,21.9598,416.117,21.9598,514.842,21.9598,591.661,21.9598,659.584,21.9598,723.738,21.9598,786.237,21.9598,848.078,21.9598,909.78,21.9598,971.622,21.9598,1033.76,21.9598,1096.27,21.9598,1159.19,21.9598,1222.55,21.9598,1286.34,21.9598,1350.54
22.0854,193.46,22.0854,296.859,22.0854,415.547,22.0854,514.331,22.0854,591.28,22.0854,659.291,22.0854,723.506,22.0854,786.05,22.0854,847.926,22.0854,909.655,22.0854,971.519,22.0854,1033.67,22.0854,1096.2,22.0854,1159.14,22.0854,1222.51,22.0854,1286.3,22.0854,1350.52
22.2111,193.46,22.2111,296.691,22.2111,414.985,22.2111,513.823,22.2111,590.901,22.2111,658.999,22.2111,723.275,22.2111,785.863,22.2111,847.773,22.2111,909.529,22.2111,971.416,22.2111,1033.59,22.2111,1096.13,22.2111,1159.08,22.2111,1222.47,22.2111,1286.27,22.2111,1350.49
22.3367,193.46,22.3367,296.525,22.3367,414.43,22.3367,513.318,22.3367,590.523,22.3367,658.709,22.3367,723.045,22.3367,785.677,22.3367,847.621,22.3367,909.405,22.3367,971.313,22.3367,1033.5,22.3367,1096.06,22.3367,1159.03,22.3367,1222.42,22.3367,1286.24,22.3367,1350.47
22.4623,193.461,22.4623,296.362,22.4623,413.884,22.4623,512.816,22.4623,590.147,22.4623,658.419,22.4623,722.815,22.4623,785.491,22.4623,847.47,22.4623,909.28,22.4623,971.211,22.4623,1033.42,22.4623,1095.99,22.4623,1158.98,22.4623,1222.38,22.4623,1286.21,22.4623,1350.45
22.5879,193.462,22.5879,296.201,22.5879,413.345,22.5879,512.317,22.5879,589.772,22.5879,658.13,22.5879,722.586,22.5879,785.306,22.5879,847.319,22.5879,909.156,22.5879,971.109,22.5879,1033.34,22.5879,1095.93,22.5879,1158.92,22.5879,1222.34,22.5879,1286.17,22.5879,1350.42
22.7136,193.463,22.7136,296.043,22.7136,412.815,22.7136,511.821,22.7136,589.398,22.7136,657.841,22.7136,722.358,22.7136,785.122,22.7136,847.168,22.7136,909.032,22.7136,971.007,22.7136,1033.25,22.7136,1095.86,22.7136,1158.87,22.7136,1222.29,22.7136,1286.14,22.7136,1350.4
22.8392,193.465,22.8392,295.888,22.8392,412.291,22.8392,511.327,22.8392,589.025,22.8392,657.554,22.8392,722.13,22.8392,784.938,22.8392,847.017,22.8392,908.908,22.8392,970.905,22.8392,1033.17,22.8392,1095.79,22.8392,1158.81,22.8392,1222.25,22.8392,1286.11,22.8392,1350.38
22.9648,193.467,22.9648,295.734,22.9648,411.775,22.9648,510.837,22.9648,588.654,22.9648,657.267,22.9648,721.902,22.9648,784.754,22.9648,846.867,22.9648,908.785,22.9648,970.804,22.9648,1033.09,22.9648,1095.72,22.9648,1158.76,22.9648,1222.21,22.9648,1286.08,22.9648,1350.36
23.0905,193.469,23.0905,295.583,23.0905,411.267,23.0905,510.349,23.0905,588.284,23.0905,656.982,23.0905,721.676,23.0905,784.571,23.0905,846.718,23.0905,908.662,23.0905,970.703,23.0905,1033,23.0905,1095.66,23.0905,1158.71,23.0905,1222.17,23.0905,1286.05,23.0905,1350.33
23.2161,193.472,23.2161,295.434,23.2161,410.765,23.2161,509.864,23.2161,587.916,23.2161,656.697,23.2161,721.45,23.2161,784.388,23.2161,846.569,23.2161,908.54,23.2161,970.602,23.2161,1032.92,23.2161,1095.59,23.2161,1158.65,23.2161,1222.13,23.2161,1286.02,23.2161,1350.31
23.3417,193.474,23.3417,295.287,23.3417,410.271,23.3417,509.383,23.3417,587.549,23.3417,656.413,23.3417,721.224,23.3417,784.206,23.3417,846.42,23.3417,908.418,23.3417,970.502,23.3417,1032.84,23.3417,1095.52,23.3417,1158.6,23.3417,1222.09,23.3417,1285.99,23.3417,1350.29
23.4673,193.478,23.4673,295.143,23.4673,409.783,23.4673,508.904,23.4673,587.183,23.4673,656.13,23.4673,720.999,23.4673,784.024,23.4673,846.271,23.4673,908.296,23.4673,970.402,23.4673,1032.76,23.4673,1095.46,23.4673,1158.55,23.4673,1222.04,23.4673,1285.95,23.4673,1350.27
23.593,193.481,23.593,295,23.593,409.303,23.593,508.428,23.593,586.819,23.593,655.848,23.593,720.775,23.593,783.843,23.593,846.123,23.593,908.174,23.593,970.302,23.593,1032.68,23.593,1095.39,23.593,1158.49,23.593,1222,23.593,1285.92,23.593,1350.25
23.7186,193.485,23.7186,294.86,23.7186,408.829,23.7186,507.955,23.7186,586.456,23.7186,655.566,23.7186,720.552,23.7186,783.662,23.7186,845.976,23.7186,908.053,23.7186,970.202,23.7186,1032.6,23.7186,1095.33,23.7186,1158.44,23.7186,1221.96,23.7186,1285.89,23.7186,1350.23
23.8442,193.488,23.8442,294.721,23.8442,408.362,23.8442,507.486,23.8442,586.095,23.8442,655.286,23.8442,720.329,23.8442,783.482,23.8442,845.828,23.8442,907.932,23.8442,970.103,23.8442,1032.51,23.8442,1095.26,23.8442,1158.39,23.8442,1221.92,23.8442,1285.86,23.8442,1350.2
23.9698,193.493,23.9698,294.585,23.9698,407.901,23.9698,507.019,23.9698,585.735,23.9698,655.006,23.9698,720.107,23.9698,783.302,23.9698,845.681,23.9698,907.811,23.9698,970.004,23.9698,1032.43,23.9698,1095.19,23.9698,1158.34,23.9698,1221.88,23.9698,1285.83,23.9698,1350.18
24.0955,193.497,24.0955,294.45,24.0955,407.447,24.0955,506.555,24.0955,585.376,24.0955,654.727,24.0955,719.885,24.0955,783.123,24.0955,845.535,24.0955,907.691,24.0955,969.905,24.0955,1032.35,24.0955,1095.13,24.0955,1158.28,24.0955,1221.84,24.0955,1285.8,24.0955,1350.16
24.2211,193.502,24.2211,294.318,24.2211,407,24.2211,506.094,24.2211,585.019,24.2211,654.45,24.2211,719.664,24.2211,782.944,24.2211,845.389,24.2211,907.571,24.2211,969.807,24.2211,1032.27,24.2211,1095.06,24.2211,1158.23,24.2211,1221.8,24.2211,1285.77,24.2211,1350.14
24.3467,193.507,24.3467,294.187,24.3467,406.558,24.3467,505.636,24.3467,584.663,24.3467,654.173,24.3467,719.443,24.3467,782.766,24.3467,845.243,24.3467,907.452,24.3467,969.709,24.3467,1032.19,24.3467,1095,24.3467,1158.18,24.3467,1221.76,24.3467,1285.74,24.3467,1350.12
24.4724,193.512,24.4724,294.058,24.4724,406.123,24.4724,505.181,24.4724,584.309,24.4724,653.897,24.4724,719.224,24.4724,782.588,24.4724,845.098,24.4724,907.332,24.4724,969.611,24.4724,1032.11,24.4724,1094.93,24.4724,1158.13,24.4724,1221.72,24.4724,1285.71,24.4724,1350.1
24.598,193.518,24.598,293.931,24.598,405.693,24.598,504.729,24.598,583.956,24.598,653.621,24.598,719.005,24.598,782.411,24.598,844.953,24.598,907.213,24.598,969.513,24.598,1032.03,24.598,1094.87,24.598,1158.08,24.598,1221.68,24.598,1285.68,24.598,1350.08
24.7236,193.524,24.7236,293.806,24.7236,405.27,24.7236,504.28,24.7236,583.605,24.7236,653.347,24.7236,718.786,24.7236,782.234,24.7236,844.809,24.7236,907.095,24.7236,969.416,24.7236,1031.95,24.7236,1094.8,24.7236,1158.03,24.7236,1221.64,24.7236,1285.65,24.7236,1350.06
24.8492,193.53,24.8492,293.683,24.8492,404.852,24.8492,503.834,24.8492,583.255,24.8492,653.074,24.8492,718.568,24.8492,782.058,24.8492,844.665,24.8492,906.977,24.8492,969.319,24.8492,1031.87,24.8492,1094.74,24.8492,1157.97,24.8492,1221.6,24.8492,1285.62,24.8492,1350.04
24.9749,193.536,24.9749,293.561,24.9749,404.44,24.9749,503.391,24.9749,582.906,24.9749,652.801,24.9749,718.351,24.9749,781.882,24.9749,844.521,24.9749,906.859,24.9749,969.222,24.9749,1031.79,24.9749,1094.68,24.9749,1157.92,24.9749,1221.56,24.9749,1285.59,24.9749,1350.02
25.1005,193.543,25.1005,293.441,25.1005,404.034,25.1005,502.951,25.1005,582.559,25.1005,652.53,25.1005,718.135,25.1005,781.707,25.1005,844.378,25.1005,906.741,25.1005,969.125,25.1005,1031.72,25.1005,1094.61,25.1005,1157.87,25.1005,1221.52,25.1005,1285.56,25.1005,1350
25.2261,193.549,25.2261,293.322,25.2261,403.634,25.2261,502.514,25.2261,582.213,25.2261,652.259,25.2261,717.919,25.2261,781.532,25.2261,844.235,25.2261,906.624,25.2261,969.029,25.2261,1031.64,25.2261,1094.55,25.2261,1157.82,25.2261,1221.48,25.2261,1285.53,25.2261,1349.98
25.3518,193.557,25.3518,293.206,25.3518,403.238,25.3518,502.08,25.3518,581.869,25.3518,651.989,25.3518,717.704,25.3518,781.358,25.3518,844.092,25.3518,906.507,25.3518,968.933,25.3518,1031.56,25.3518,1094.49,25.3518,1157.77,25.3518,1221.44,25.3518,1285.51,25.3518,1349.96
25.4774,193.564,25.4774,293.09,25.4774,402.848,25.4774,501.649,25.4774,581.526,25.4774,651.721,25.4774,717.489,25.4774,781.184,25.4774,843.95,25.4774,906.39,25.4774,968.838,25.4774,1031.48,25.4774,1094.42,25.4774,1157.72,25.4774,1221.4,25.4774,1285.48,25.4774,1349.94
25.603,193.572,25.603,292.977,25.603,402.464,25.603,501.221,25.603,581.184,25.603,651.453,25.603,717.275,25.603,781.01,25.603,843.808,25.603,906.274,25.603,968.742,25.603,1031.4,25.603,1094.36,25.603,1157.67,25.603,1221.37,25.603,1285.45,25.603,1349.92
25.7286,193.579,25.7286,292.865,25.7286,402.084,25.7286,500.796,25.7286,580.845,25.7286,651.186,25.7286,717.062,25.7286,780.838,25.7286,843.667,25.7286,906.158,25.7286,968.647,25.7286,1031.32,25.7286,1094.3,25.7286,1157.62,25.7286,1221.33,25.7286,1285.42,25.7286,1349.9
25.8543,193.588,25.8543,292.754,25.8543,401.71,25.8543,500.374,25.8543,580.506,25.8543,650.919,25.8543,716.849,25.8543,780.665,25.8543,843.526,25.8543,906.042,25.8543,968.552,25.8543,1031.25,25.8543,1094.24,25.8543,1157.57,25.8543,1221.29,25.8543,1285.39,25.8543,1349.88
25.9799,193.596,25.9799,292.645,25.9799,401.34,25.9799,499.955,25.9799,580.169,25.9799,650.654,25.9799,716.637,25.9799,780.493,25.9799,843.386,25.9799,905.927,25.9799,968.458,25.9799,1031.17,25.9799,1094.17,25.9799,1157.52,25.9799,1221.25,25.9799,1285.36,25.9799,1349.86
26.1055,193.604,26.1055,292.538,26.1055,400.976,26.1055,499.539,26.1055,579.834,26.1055,650.39,26.1055,716.426,26.1055,780.322,26.1055,843.246,26.1055,905.812,26.1055,968.364,26.1055,1031.09,26.1055,1094.11,26.1055,1157.47,26.1055,1221.21,26.1055,1285.34,26.1055,1349.84
26.2312,193.613,26.2312,292.432,26.2312,400.616,26.2312,499.125,26.2312,579.5,26.2312,650.126,26.2312,716.215,26.2312,780.151,26.2312,843.106,26.2312,905.698,26.2312,968.27,26.2312,1031.02,26.2312,1094.05,26.2312,1157.43,26.2312,1221.18,26.2312,1285.31,26.2312,1349.82
26.3568,193.622,26.3568,292.327,26.3568,400.261,26.3568,498.715,26.3568,579.167,26.3568,649.864,26.3568,716.005,26.3568,779.981,26.3568,842.967,26.3568,905.583,26.3568,968.176,26.3568,1030.94,26.3568,1093.99,26.3568,1157.38,26.3568,1221.14,26.3568,1285.28,26.3568,1349.8
26.4824,193.632,26.4824,292.224,26.4824,399.911,26.4824,498.308,26.4824,578.836,26.4824,649.602,26.4824,715.795,26.4824,779.811,26.4824,842.828,26.4824,905.469,26.4824,968.083,26.4824,1030.86,26.4824,1093.93,26.4824,1157.33,26.4824,1221.1,26.4824,1285.25,26.4824,1349.78
26.608,193.641,26.608,292.122,26.608,399.565,26.608,497.904,26.608,578.506,26.608,649.342,26.608,715.587,26.608,779.642,26.608,842.689,26.608,905.356,26.608,967.989,26.608,1030.79,26.608,1093.86,26.608,1157.28,26.608,1221.06,26.608,1285.22,26.608,1349.76
26.7337,193.651,26.7337,292.022,26.7337,399.224,26.7337,497.502,26.7337,578.178,26.7337,649.082,26.7337,715.378,26.7337,779.473,26.7337,842.551,26.7337,905.242,26.7337,967.897,26.7337,1030.71,26.7337,1093.8,26.7337,1157.23,26.7337,1221.03,26.7337,1285.2,26.7337,1349.75
26.8593,193.661,26.8593,291.923,26.8593,398.888,26.8593,497.104,26.8593,577.852,26.8593,648.823,26.8593,715.171,26.8593,779.305,26.8593,842.414,26.8593,905.129,26.8593,967.804,26.8593,1030.64,26.8593,1093.74,26.8593,1157.18,26.8593,1220.99,26.8593,1285.17,26.8593,1349.73
26.9849,193.671,26.9849,291.825,26.9849,398.555,26.9849,496.709,26.9849,577.526,26.9849,648.565,26.9849,714.964,26.9849,779.137,26.9849,842.276,26.9849,905.017,26.9849,967.712,26.9849,1030.56,26.9849,1093.68,26.9849,1157.14,26.9849,1220.95,26.9849,1285.14,26.9849,1349.71
27.1106,193.682,27.1106,291.728,27.1106,398.227,27.1106,496.316,27.1106,577.203,27.1106,648.308,27.1106,714.758,27.1106,778.969,27.1106,842.14,27.1106,904.905,27.1106,967.62,27.1106,1030.49,27.1106,1093.62,27.1106,1157.09,27.1106,1220.92,27.1106,1285.12,27.1106,1349.69
27.2362,193.693,27.2362,291.633,27.2362,397.903,27.2362,495.926,27.2362,576.88,27.2362,648.052,27.2362,714.552,27.2362,778.803,27.2362,842.003,27.2362,904.793,27.2362,967.528,27.2362,1030.41,27.2362,1093.56,27.2362,1157.04,27.2362,1220.88,27.2362,1285.09,27.2362,1349.67
27.3618,193.704,27.3618,291.539,27.3618,397.584,27.3618,495.54,27.3618,576.56,27.3618,647.797,27.3618,714.348,27.3618,778.636,27.3618,841.867,27.3618,904.681,27.3618,967.437,27.3618,1030.34,27.3618,1093.5,27.3618,1156.99,27.3618,1220.84,27.3618,1285.06,27.3618,1349.65
27.4874,193.715,27.4874,291.447,27.4874,397.268,27.4874,495.156,27.4874,576.24,27.4874,647.543,27.4874,714.143,27.4874,778.47,27.4874,841.731,27.4874,904.57,27.4874,967.345,27.4874,1030.26,27.4874,1093.44,27.4874,1156.95,27.4874,1220.81,27.4874,1285.04,27.4874,1349.64
27.6131,193.726,27.6131,291.355,27.6131,396.957,27.6131,494.775,27.6131,575.923,27.6131,647.289,27.6131,713.94,27.6131,778.305,27.6131,841.596,27.6131,904.459,27.6131,967.255,27.6131,1030.19,27.6131,1093.38,27.6131,1156.9,27.6131,1220.77,27.6131,1285.01,27.6131,1349.62
27.7387,193.738,27.7387,291.265,27.7387,396.649,27.7387,494.396,27.7387,575.606,27.7387,647.037,27.7387,713.737,27.7387,778.14,27.7387,841.461,27.7387,904.348,27.7387,967.164,27.7387,1030.12,27.7387,1093.32,27.7387,1156.85,27.7387,1220.74,27.7387,1284.98,27.7387,1349.6
27.8643,193.749,27.8643,291.176,27.8643,396.345,27.8643,494.021,27.8643,575.292,27.8643,646.786,27.8643,713.535,27.8643,777.976,27.8643,841.327,27.8643,904.238,27.8643,967.074,27.8643,1030.04,27.8643,1093.26,27.8643,1156.81,27.8643,1220.7,27.8643,1284.96,27.8643,1349.58
27.9899,193.762,27.9899,291.088,27.9899,396.045,27.9899,493.649,27.9899,574.978,27.9899,646.535,27.9899,713.333,27.9899,777.812,27.9899,841.193,27.9899,904.128,27.9899,966.984,27.9899,1029.97,27.9899,1093.21,27.9899,1156.76,27.9899,1220.66,27.9899,1284.93,27.9899,1349.57
28.1156,193.774,28.1156,291.001,28.1156,395.749,28.1156,493.279,28.1156,574.666,28.1156,646.286,28.1156,713.132,28.1156,777.649,28.1156,841.059,28.1156,904.018,28.1156,966.894,28.1156,1029.9,28.1156,1093.15,28.1156,1156.71,28.1156,1220.63,28.1156,1284.91,28.1156,1349.55
28.2412,193.786,28.2412,290.916,28.2412,395.457,28.2412,492.912,28.2412,574.356,28.2412,646.037,28.2412,712.932,28.2412,777.486,28.2412,840.926,28.2412,903.909,28.2412,966.804,28.2412,1029.82,28.2412,1093.09,28.2412,1156.67,28.2412,1220.59,28.2412,1284.88,28.2412,1349.53
28.3668,193.799,28.3668,290.831,28.3668,395.168,28.3668,492.548,28.3668,574.047,28.3668,645.789,28.3668,712.733,28.3668,777.324,28.3668,840.793,28.3668,903.8,28.3668,966.715,28.3668,1029.75,28.3668,1093.03,28.3668,1156.62,28.3668,1220.56,28.3668,1284.86,28.3668,1349.52
28.4925,193.812,28.4925,290.748,28.4925,394.883,28.4925,492.187,28.4925,573.74,28.4925,645.543,28.4925,712.534,28.4925,777.162,28.4925,840.661,28.4925,903.691,28.4925,966.626,28.4925,1029.68,28.4925,1092.97,28.4925,1156.58,28.4925,1220.52,28.4925,1284.83,28.4925,1349.5
28.6181,193.825,28.6181,290.666,28.6181,394.601,28.6181,491.828,28.6181,573.434,28.6181,645.297,28.6181,712.335,28.6181,777.001,28.6181,840.528,28.6181,903.583,28.6181,966.538,28.6181,1029.61,28.6181,1092.91,28.6181,1156.53,28.6181,1220.49,28.6181,1284.81,28.6181,1349.48
28.7437,193.838,28.7437,290.585,28.7437,394.323,28.7437,491.473,28.7437,573.13,28.7437,645.052,28.7437,712.138,28.7437,776.84,28.7437,840.397,28.7437,903.475,28.7437,966.449,28.7437,1029.53,28.7437,1092.86,28.7437,1156.48,28.7437,1220.45,28.7437,1284.78,28.7437,1349.47
28.8693,193.852,28.8693,290.505,28.8693,394.048,28.8693,491.12,28.8693,572.827,28.8693,644.808,28.8693,711.941,28.8693,776.68,28.8693,840.266,28.8693,903.367,28.8693,966.361,28.8693,1029.46,28.8693,1092.8,28.8693,1156.44,28.8693,1220.42,28.8693,1284.76,28.8693,1349.45
28.995,193.866,28.995,290.426,28.995,393.777,28.995,490.769,28.995,572.525,28.995,644.565,28.995,711.745,28.995,776.52,28.995,840.135,28.995,903.26,28.995,966.273,28.995,1029.39,28.995,1092.74,28.995,1156.39,28.995,1220.39,28.995,1284.73,28.995,1349.43
29.1206,193.88,29.1206,290.348,29.1206,393.509,29.1206,490.422,29.1206,572.225,29.1206,644.323,29.1206,711.549,29.1206,776.36,29.1206,840.004,29.1206,903.153,29.1206,966.186,29.1206,1029.32,29.1206,1092.69,29.1206,1156.35,29.1206,1220.35,29.1206,1284.71,29.1206,1349.42
29.2462,193.894,29.2462,290.271,29.2462,393.244,29.2462,490.077,29.2462,571.927,29.2462,644.081,29.2462,711.354,29.2462,776.202,29.2462,839.874,29.2462,903.046,29.2462,966.099,29.2462,1029.25,29.2462,1092.63,29.2462,1156.3,29.2462,1220.32,29.2462,1284.68,29.2462,1349.4
29.3719,193.908,29.3719,290.195,29.3719,392.982,29.3719,489.735,29.3719,571.63,29.3719,643.841,29.3719,711.16,29.3719,776.043,29.3719,839.745,29.3719,902.94,29.3719,966.012,29.3719,1029.18,29.3719,1092.57,29.3719,1156.26,29.3719,1220.28,29.3719,1284.66,29.3719,1349.39
29.4975,193.923,29.4975,290.12,29.4975,392.723,29.4975,489.396,29.4975,571.334,29.4975,643.602,29.4975,710.966,29.4975,775.886,29.4975,839.616,29.4975,902.834,29.4975,965.925,29.4975,1029.11,29.4975,1092.52,29.4975,1156.22,29.4975,1220.25,29.4975,1284.63,29.4975,1349.37
29.6231,193.937,29.6231,290.046,29.6231,392.468,29.6231,489.059,29.6231,571.04,29.6231,643.363,29.6231,710.773,29.6231,775.728,29.6231,839.487,29.6231,902.728,29.6231,965.839,29.6231,1029.04,29.6231,1092.46,29.6231,1156.17,29.6231,1220.22,29.6231,1284.61,29.6231,1349.36
29.7487,193.952,29.7487,289.973,29.7487,392.216,29.7487,488.725,29.7487,570.748,29.7487,643.126,29.7487,710.581,29.7487,775.572,29.7487,839.358,29.7487,902.623,29.7487,965.752,29.7487,1028.97,29.7487,1092.4,29.7487,1156.13,29.7487,1220.18,29.7487,1284.59,29.7487,1349.34
29.8744,193.968,29.8744,289.901,29.8744,391.966,29.8744,488.394,29.8744,570.456,29.8744,642.889,29.8744,710.389,29.8744,775.415,29.8744,839.23,29.8744,902.518,29.8744,965.667,29.8744,1028.9,29.8744,1092.35,29.8744,1156.08,29.8744,1220.15,29.8744,1284.56,29.8744,1349.32
30,193.983,30,289.83,30,391.72,30,488.065,30,570.167,30,642.653,30,710.198,30,775.26,30,839.103,30,902.414,30,965.581,30,1028.83,30,1092.29,30,1156.04,30,1220.12,30,1284.54,30,1349.31
