1
495
CT
1
1
1
1
2
HEATER_COPY_T_htf_cold_des
1
1
1
1
290
HEATER_COPY_T_htf_hot_des
1
1
1
1
574
HEATER_COPY_heater_mult
1
1
1
1
1.9
HEATER_COPY_q_dot_heater_des
1
1
1
1
464.444
PB_COPY_P_ref
1
1
1
1
110
PB_COPY_T_htf_cold_des
1
1
1
1
290
PB_COPY_T_htf_hot_des
1
1
1
1
574
PB_COPY_design_eff
1
1
1
1
0.45
PB_COPY_gross_net_conversion_factor
1
1
1
1
0.9
PB_COPY_htf_cp_avg
1
1
1
1
-1
PB_COPY_nameplate
1
1
1
1
99
PB_COPY_q_pb_design
1
1
1
1
244.444
PB_m_dot_htf_cycle_des
1
1
1
1
-860.72
P_boil
1
1
1
1
100
P_cond_min
1
1
1
1
1.25
P_cond_ratio
1
1
1
1
1.0028
P_ref
1
1
1
1
110
Q_tes
1
1
1
1
1466.67
TES_COPY_T_htf_cold_des
1
1
1
1
290
TES_COPY_T_htf_hot_des
1
1
1
1
574
TES_COPY_q_pb_design
1
1
1
1
244.444
TES_COPY_tshours
1
1
1
1
6
T_ITD_des
1
1
1
1
16
T_amb_des
1
1
1
1
27
T_approach
1
1
1
1
5
T_htf_cold_des
1
1
1
1
290
T_htf_hot_des
1
1
1
1
574
adjust
1
5
1
5
constant
1
1
1
1
0
en_hourly
1
1
1
1
0
en_periods
1
1
1
1
0
hourly
1
2
1
8760
0 0 0 0 0 0 0 0 0 0 0 0 0 0 0 0 0 0 0 0 0 0 0 0 0 0 0 0 0 0 0 0 0 0 0 0 0 0 0 0 0 0 0 0 0 0 0 0 0 0 0 0 0 0 0 0 0 0 0 0 0 0 0 0 0 0 0 0 0 0 0 0 0 0 0 0 0 0 0 0 0 0 0 0 0 0 0 0 0 0 0 0 0 0 0 0 0 0 0 0 0 0 0 0 0 0 0 0 0 0 0 0 0 0 0 0 0 0 0 0 0 0 0 0 0 0 0 0 0 0 0 0 0 0 0 0 0 0 0 0 0 0 0 0 0 0 0 0 0 0 0 0 0 0 0 0 0 0 0 0 0 0 0 0 0 0 0 0 0 0 0 0 0 0 0 0 0 0 0 0 0 0 0 0 0 0 0 0 0 0 0 0 0 0 0 0 0 0 0 0 0 0 0 0 0 0 0 0 0 0 0 0 0 0 0 0 0 0 0 0 0 0 0 0 0 0 0 0 0 0 0 0 0 0 0 0 0 0 0 0 0 0 0 0 0 0 0 0 0 0 0 0 0 0 0 0 0 0 0 0 0 0 0 0 0 0 0 0 0 0 0 0 0 0 0 0 0 0 0 0 0 0 0 0 0 0 0 0 0 0 0 0 0 0 0 0 0 0 0 0 0 0 0 0 0 0 0 0 0 0 0 0 0 0 0 0 0 0 0 0 0 0 0 0 0 0 0 0 0 0 0 0 0 0 0 0 0 0 0 0 0 0 0 0 0 0 0 0 0 0 0 0 0 0 0 0 0 0 0 0 0 0 0 0 0 0 0 0 0 0 0 0 0 0 0 0 0 0 0 0 0 0 0 0 0 0 0 0 0 0 0 0 0 0 0 0 0 0 0 0 0 0 0 0 0 0 0 0 0 0 0 0 0 0 0 0 0 0 0 0 0 0 0 0 0 0 0 0 0 0 0 0 0 0 0 0 0 0 0 0 0 0 0 0 0 0 0 0 0 0 0 0 0 0 0 0 0 0 0 0 0 0 0 0 0 0 0 0 0 0 0 0 0 0 0 0 0 0 0 0 0 0 0 0 0 0 0 0 0 0 0 0 0 0 0 0 0 0 0 0 0 0 0 0 0 0 0 0 0 0 0 0 0 0 0 0 0 0 0 0 0 0 0 0 0 0 0 0 0 0 0 0 0 0 0 0 0 0 0 0 0 0 0 0 0 0 0 0 0 0 0 0 0 0 0 0 0 0 0 0 0 0 0 0 0 0 0 0 0 0 0 0 0 0 0 0 0 0 0 0 0 0 0 0 0 0 0 0 0 0 0 0 0 0 0 0 0 0 0 0 0 0 0 0 0 0 0 0 0 0 0 0 0 0 0 0 0 0 0 0 0 0 0 0 0 0 0 0 0 0 0 0 0 0 0 0 0 0 0 0 0 0 0 0 0 0 0 0 0 0 0 0 0 0 0 0 0 0 0 0 0 0 0 0 0 0 0 0 0 0 0 0 0 0 0 0 0 0 0 0 0 0 0 0 0 0 0 0 0 0 0 0 0 0 0 0 0 0 0 0 0 0 0 0 0 0 0 0 0 0 0 0 0 0 0 0 0 0 0 0 0 0 0 0 0 0 0 0 0 0 0 0 0 0 0 0 0 0 0 0 0 0 0 0 0 0 0 0 0 0 0 0 0 0 0 0 0 0 0 0 0 0 0 0 0 0 0 0 0 0 0 0 0 0 0 0 0 0 0 0 0 0 0 0 0 0 0 0 0 0 0 0 0 0 0 0 0 0 0 0 0 0 0 0 0 0 0 0 0 0 0 0 0 0 0 0 0 0 0 0 0 0 0 0 0 0 0 0 0 0 0 0 0 0 0 0 0 0 0 0 0 0 0 0 0 0 0 0 0 0 0 0 0 0 0 0 0 0 0 0 0 0 0 0 0 0 0 0 0 0 0 0 0 0 0 0 0 0 0 0 0 0 0 0 0 0 0 0 0 0 0 0 0 0 0 0 0 0 0 0 0 0 0 0 0 0 0 0 0 0 0 0 0 0 0 0 0 0 0 0 0 0 0 0 0 0 0 0 0 0 0 0 0 0 0 0 0 0 0 0 0 0 0 0 0 0 0 0 0 0 0 0 0 0 0 0 0 0 0 0 0 0 0 0 0 0 0 0 0 0 0 0 0 0 0 0 0 0 0 0 0 0 0 0 0 0 0 0 0 0 0 0 0 0 0 0 0 0 0 0 0 0 0 0 0 0 0 0 0 0 0 0 0 0 0 0 0 0 0 0 0 0 0 0 0 0 0 0 0 0 0 0 0 0 0 0 0 0 0 0 0 0 0 0 0 0 0 0 0 0 0 0 0 0 0 0 0 0 0 0 0 0 0 0 0 0 0 0 0 0 0 0 0 0 0 0 0 0 0 0 0 0 0 0 0 0 0 0 0 0 0 0 0 0 0 0 0 0 0 0 0 0 0 0 0 0 0 0 0 0 0 0 0 0 0 0 0 0 0 0 0 0 0 0 0 0 0 0 0 0 0 0 0 0 0 0 0 0 0 0 0 0 0 0 0 0 0 0 0 0 0 0 0 0 0 0 0 0 0 0 0 0 0 0 0 0 0 0 0 0 0 0 0 0 0 0 0 0 0 0 0 0 0 0 0 0 0 0 0 0 0 0 0 0 0 0 0 0 0 0 0 0 0 0 0 0 0 0 0 0 0 0 0 0 0 0 0 0 0 0 0 0 0 0 0 0 0 0 0 0 0 0 0 0 0 0 0 0 0 0 0 0 0 0 0 0 0 0 0 0 0 0 0 0 0 0 0 0 0 0 0 0 0 0 0 0 0 0 0 0 0 0 0 0 0 0 0 0 0 0 0 0 0 0 0 0 0 0 0 0 0 0 0 0 0 0 0 0 0 0 0 0 0 0 0 0 0 0 0 0 0 0 0 0 0 0 0 0 0 0 0 0 0 0 0 0 0 0 0 0 0 0 0 0 0 0 0 0 0 0 0 0 0 0 0 0 0 0 0 0 0 0 0 0 0 0 0 0 0 0 0 0 0 0 0 0 0 0 0 0 0 0 0 0 0 0 0 0 0 0 0 0 0 0 0 0 0 0 0 0 0 0 0 0 0 0 0 0 0 0 0 0 0 0 0 0 0 0 0 0 0 0 0 0 0 0 0 0 0 0 0 0 0 0 0 0 0 0 0 0 0 0 0 0 0 0 0 0 0 0 0 0 0 0 0 0 0 0 0 0 0 0 0 0 0 0 0 0 0 0 0 0 0 0 0 0 0 0 0 0 0 0 0 0 0 0 0 0 0 0 0 0 0 0 0 0 0 0 0 0 0 0 0 0 0 0 0 0 0 0 0 0 0 0 0 0 0 0 0 0 0 0 0 0 0 0 0 0 0 0 0 0 0 0 0 0 0 0 0 0 0 0 0 0 0 0 0 0 0 0 0 0 0 0 0 0 0 0 0 0 0 0 0 0 0 0 0 0 0 0 0 0 0 0 0 0 0 0 0 0 0 0 0 0 0 0 0 0 0 0 0 0 0 0 0 0 0 0 0 0 0 0 0 0 0 0 0 0 0 0 0 0 0 0 0 0 0 0 0 0 0 0 0 0 0 0 0 0 0 0 0 0 0 0 0 0 0 0 0 0 0 0 0 0 0 0 0 0 0 0 0 0 0 0 0 0 0 0 0 0 0 0 0 0 0 0 0 0 0 0 0 0 0 0 0 0 0 0 0 0 0 0 0 0 0 0 0 0 0 0 0 0 0 0 0 0 0 0 0 0 0 0 0 0 0 0 0 0 0 0 0 0 0 0 0 0 0 0 0 0 0 0 0 0 0 0 0 0 0 0 0 0 0 0 0 0 0 0 0 0 0 0 0 0 0 0 0 0 0 0 0 0 0 0 0 0 0 0 0 0 0 0 0 0 0 0 0 0 0 0 0 0 0 0 0 0 0 0 0 0 0 0 0 0 0 0 0 0 0 0 0 0 0 0 0 0 0 0 0 0 0 0 0 0 0 0 0 0 0 0 0 0 0 0 0 0 0 0 0 0 0 0 0 0 0 0 0 0 0 0 0 0 0 0 0 0 0 0 0 0 0 0 0 0 0 0 0 0 0 0 0 0 0 0 0 0 0 0 0 0 0 0 0 0 0 0 0 0 0 0 0 0 0 0 0 0 0 0 0 0 0 0 0 0 0 0 0 0 0 0 0 0 0 0 0 0 0 0 0 0 0 0 0 0 0 0 0 0 0 0 0 0 0 0 0 0 0 0 0 0 0 0 0 0 0 0 0 0 0 0 0 0 0 0 0 0 0 0 0 0 0 0 0 0 0 0 0 0 0 0 0 0 0 0 0 0 0 0 0 0 0 0 0 0 0 0 0 0 0 0 0 0 0 0 0 0 0 0 0 0 0 0 0 0 0 0 0 0 0 0 0 0 0 0 0 0 0 0 0 0 0 0 0 0 0 0 0 0 0 0 0 0 0 0 0 0 0 0 0 0 0 0 0 0 0 0 0 0 0 0 0 0 0 0 0 0 0 0 0 0 0 0 0 0 0 0 0 0 0 0 0 0 0 0 0 0 0 0 0 0 0 0 0 0 0 0 0 0 0 0 0 0 0 0 0 0 0 0 0 0 0 0 0 0 0 0 0 0 0 0 0 0 0 0 0 0 0 0 0 0 0 0 0 0 0 0 0 0 0 0 0 0 0 0 0 0 0 0 0 0 0 0 0 0 0 0 0 0 0 0 0 0 0 0 0 0 0 0 0 0 0 0 0 0 0 0 0 0 0 0 0 0 0 0 0 0 0 0 0 0 0 0 0 0 0 0 0 0 0 0 0 0 0 0 0 0 0 0 0 0 0 0 0 0 0 0 0 0 0 0 0 0 0 0 0 0 0 0 0 0 0 0 0 0 0 0 0 0 0 0 0 0 0 0 0 0 0 0 0 0 0 0 0 0 0 0 0 0 0 0 0 0 0 0 0 0 0 0 0 0 0 0 0 0 0 0 0 0 0 0 0 0 0 0 0 0 0 0 0 0 0 0 0 0 0 0 0 0 0 0 0 0 0 0 0 0 0 0 0 0 0 0 0 0 0 0 0 0 0 0 0 0 0 0 0 0 0 0 0 0 0 0 0 0 0 0 0 0 0 0 0 0 0 0 0 0 0 0 0 0 0 0 0 0 0 0 0 0 0 0 0 0 0 0 0 0 0 0 0 0 0 0 0 0 0 0 0 0 0 0 0 0 0 0 0 0 0 0 0 0 0 0 0 0 0 0 0 0 0 0 0 0 0 0 0 0 0 0 0 0 0 0 0 0 0 0 0 0 0 0 0 0 0 0 0 0 0 0 0 0 0 0 0 0 0 0 0 0 0 0 0 0 0 0 0 0 0 0 0 0 0 0 0 0 0 0 0 0 0 0 0 0 0 0 0 0 0 0 0 0 0 0 0 0 0 0 0 0 0 0 0 0 0 0 0 0 0 0 0 0 0 0 0 0 0 0 0 0 0 0 0 0 0 0 0 0 0 0 0 0 0 0 0 0 0 0 0 0 0 0 0 0 0 0 0 0 0 0 0 0 0 0 0 0 0 0 0 0 0 0 0 0 0 0 0 0 0 0 0 0 0 0 0 0 0 0 0 0 0 0 0 0 0 0 0 0 0 0 0 0 0 0 0 0 0 0 0 0 0 0 0 0 0 0 0 0 0 0 0 0 0 0 0 0 0 0 0 0 0 0 0 0 0 0 0 0 0 0 0 0 0 0 0 0 0 0 0 0 0 0 0 0 0 0 0 0 0 0 0 0 0 0 0 0 0 0 0 0 0 0 0 0 0 0 0 0 0 0 0 0 0 0 0 0 0 0 0 0 0 0 0 0 0 0 0 0 0 0 0 0 0 0 0 0 0 0 0 0 0 0 0 0 0 0 0 0 0 0 0 0 0 0 0 0 0 0 0 0 0 0 0 0 0 0 0 0 0 0 0 0 0 0 0 0 0 0 0 0 0 0 0 0 0 0 0 0 0 0 0 0 0 0 0 0 0 0 0 0 0 0 0 0 0 0 0 0 0 0 0 0 0 0 0 0 0 0 0 0 0 0 0 0 0 0 0 0 0 0 0 0 0 0 0 0 0 0 0 0 0 0 0 0 0 0 0 0 0 0 0 0 0 0 0 0 0 0 0 0 0 0 0 0 0 0 0 0 0 0 0 0 0 0 0 0 0 0 0 0 0 0 0 0 0 0 0 0 0 0 0 0 0 0 0 0 0 0 0 0 0 0 0 0 0 0 0 0 0 0 0 0 0 0 0 0 0 0 0 0 0 0 0 0 0 0 0 0 0 0 0 0 0 0 0 0 0 0 0 0 0 0 0 0 0 0 0 0 0 0 0 0 0 0 0 0 0 0 0 0 0 0 0 0 0 0 0 0 0 0 0 0 0 0 0 0 0 0 0 0 0 0 0 0 0 0 0 0 0 0 0 0 0 0 0 0 0 0 0 0 0 0 0 0 0 0 0 0 0 0 0 0 0 0 0 0 0 0 0 0 0 0 0 0 0 0 0 0 0 0 0 0 0 0 0 0 0 0 0 0 0 0 0 0 0 0 0 0 0 0 0 0 0 0 0 0 0 0 0 0 0 0 0 0 0 0 0 0 0 0 0 0 0 0 0 0 0 0 0 0 0 0 0 0 0 0 0 0 0 0 0 0 0 0 0 0 0 0 0 0 0 0 0 0 0 0 0 0 0 0 0 0 0 0 0 0 0 0 0 0 0 0 0 0 0 0 0 0 0 0 0 0 0 0 0 0 0 0 0 0 0 0 0 0 0 0 0 0 0 0 0 0 0 0 0 0 0 0 0 0 0 0 0 0 0 0 0 0 0 0 0 0 0 0 0 0 0 0 0 0 0 0 0 0 0 0 0 0 0 0 0 0 0 0 0 0 0 0 0 0 0 0 0 0 0 0 0 0 0 0 0 0 0 0 0 0 0 0 0 0 0 0 0 0 0 0 0 0 0 0 0 0 0 0 0 0 0 0 0 0 0 0 0 0 0 0 0 0 0 0 0 0 0 0 0 0 0 0 0 0 0 0 0 0 0 0 0 0 0 0 0 0 0 0 0 0 0 0 0 0 0 0 0 0 0 0 0 0 0 0 0 0 0 0 0 0 0 0 0 0 0 0 0 0 0 0 0 0 0 0 0 0 0 0 0 0 0 0 0 0 0 0 0 0 0 0 0 0 0 0 0 0 0 0 0 0 0 0 0 0 0 0 0 0 0 0 0 0 0 0 0 0 0 0 0 0 0 0 0 0 0 0 0 0 0 0 0 0 0 0 0 0 0 0 0 0 0 0 0 0 0 0 0 0 0 0 0 0 0 0 0 0 0 0 0 0 0 0 0 0 0 0 0 0 0 0 0 0 0 0 0 0 0 0 0 0 0 0 0 0 0 0 0 0 0 0 0 0 0 0 0 0 0 0 0 0 0 0 0 0 0 0 0 0 0 0 0 0 0 0 0 0 0 0 0 0 0 0 0 0 0 0 0 0 0 0 0 0 0 0 0 0 0 0 0 0 0 0 0 0 0 0 0 0 0 0 0 0 0 0 0 0 0 0 0 0 0 0 0 0 0 0 0 0 0 0 0 0 0 0 0 0 0 0 0 0 0 0 0 0 0 0 0 0 0 0 0 0 0 0 0 0 0 0 0 0 0 0 0 0 0 0 0 0 0 0 0 0 0 0 0 0 0 0 0 0 0 0 0 0 0 0 0 0 0 0 0 0 0 0 0 0 0 0 0 0 0 0 0 0 0 0 0 0 0 0 0 0 0 0 0 0 0 0 0 0 0 0 0 0 0 0 0 0 0 0 0 0 0 0 0 0 0 0 0 0 0 0 0 0 0 0 0 0 0 0 0 0 0 0 0 0 0 0 0 0 0 0 0 0 0 0 0 0 0 0 0 0 0 0 0 0 0 0 0 0 0 0 0 0 0 0 0 0 0 0 0 0 0 0 0 0 0 0 0 0 0 0 0 0 0 0 0 0 0 0 0 0 0 0 0 0 0 0 0 0 0 0 0 0 0 0 0 0 0 0 0 0 0 0 0 0 0 0 0 0 0 0 0 0 0 0 0 0 0 0 0 0 0 0 0 0 0 0 0 0 0 0 0 0 0 0 0 0 0 0 0 0 0 0 0 0 0 0 0 0 0 0 0 0 0 0 0 0 0 0 0 0 0 0 0 0 0 0 0 0 0 0 0 0 0 0 0 0 0 0 0 0 0 0 0 0 0 0 0 0 0 0 0 0 0 0 0 0 0 0 0 0 0 0 0 0 0 0 0 0 0 0 0 0 0 0 0 0 0 0 0 0 0 0 0 0 0 0 0 0 0 0 0 0 0 0 0 0 0 0 0 0 0 0 0 0 0 0 0 0 0 0 0 0 0 0 0 0 0 0 0 0 0 0 0 0 0 0 0 0 0 0 0 0 0 0 0 0 0 0 0 0 0 0 0 0 0 0 0 0 0 0 0 0 0 0 0 0 0 0 0 0 0 0 0 0 0 0 0 0 0 0 0 0 0 0 0 0 0 0 0 0 0 0 0 0 0 0 0 0 0 0 0 0 0 0 0 0 0 0 0 0 0 0 0 0 0 0 0 0 0 0 0 0 0 0 0 0 0 0 0 0 0 0 0 0 0 0 0 0 0 0 0 0 0 0 0 0 0 0 0 0 0 0 0 0 0 0 0 0 0 0 0 0 0 0 0 0 0 0 0 0 0 0 0 0 0 0 0 0 0 0 0 0 0 0 0 0 0 0 0 0 0 0 0 0 0 0 0 0 0 0 0 0 0 0 0 0 0 0 0 0 0 0 0 0 0 0 0 0 0 0 0 0 0 0 0 0 0 0 0 0 0 0 0 0 0 0 0 0 0 0 0 0 0 0 0 0 0 0 0 0 0 0 0 0 0 0 0 0 0 0 0 0 0 0 0 0 0 0 0 0 0 0 0 0 0 0 0 0 0 0 0 0 0 0 0 0 0 0 0 0 0 0 0 0 0 0 0 0 0 0 0 0 0 0 0 0 0 0 0 0 0 0 0 0 0 0 0 0 0 0 0 0 0 0 0 0 0 0 0 0 0 0 0 0 0 0 0 0 0 0 0 0 0 0 0 0 0 0 0 0 0 0 0 0 0 0 0 0 0 0 0 0 0 0 0 0 0 0 0 0 0 0 0 0 0 0 0 0 0 0 0 0 0 0 0 0 0 0 0 0 0 0 0 0 0 0 0 0 0 0 0 0 0 0 0 0 0 0 0 0 0 0 0 0 0 0 0 0 0 0 0 0 0 0 0 0 0 0 0 0 0 0 0 0 0 0 0 0 0 0 0 0 0 0 0 0 0 0 0 0 0 0 0 0 0 0 0 0 0 0 0 0 0 0 0 0 0 0 0 0 0 0 0 0 0 0 0 0 0 0 0 0 0 0 0 0 0 0 0 0 0 0 0 0 0 0 0 0 0 0 0 0 0 0 0 0 0 0 0 0 0 0 0 0 0 0 0 0 0 0 0 0 0 0 0 0 0 0 0 0 0 0 0 0 0 0 0 0 0 0 0 0 0 0 0 0 0 0 0 0 0 0 0 0 0 0 0 0 0 0 0 0 0 0 0 0 0 0 0 0 0 0 0 0 0 0 0 0 0 0 0 0 0 0 0 0 0 0 0 0 0 0 0 0 0 0 0 0 0 0 0 0 0 0 0 0 0 0 0 0 0 0 0 0 0 0 0 0 0 0 0 0 0 0 0 0 0 0 0 0 0 0 0 0 0 0 0 0 0 0 0 0 0 0 0 0 0 0 0 0 0 0 0 0 0 0 0 0 0 0 0 0 0 0 0 0 0 0 0 0 0 0 0 0 0 0 0 0 0 0 0 0 0 0 0 0 0 0 0 0 0 0 0 0 0 0 0 0 0 0 0 0 0 0 0 0 0 0 0 0 0 0 0 0 0 0 0 0 0 0 0 0 0 0 0 0 0 0 0 0 0 0 0 0 0 0 0 0 0 0 0 0 0 0 0 0 0 0 0 0 0 0 0 0 0 0 0 0 0 0 0 0 0 0 0 0 0 0 0 0 0 0 0 0 0 0 0 0 0 0 0 0 0 0 0 0 0 0 0 0 0 0 0 0 0 0 0 0 0 0 0 0 0 0 0 0 0 0 0 0 0 0 0 0 0 0 0 0 0 0 0 0 0 0 0 0 0 0 0 0 0 0 0 0 0 0 0 0 0 0 0 0 0 0 0 0 0 0 0 0 0 0 0 0 0 0 0 0 0 0 0 0 0 0 0 0 0 0 0 0 0 0 0 0 0 0 0 0 0 0 0 0 0 0 0 0 0 0 0 0 0 0 0 0 0 0 0 0 0 0 0 0 0 0 0 0 0 0 0 0 0 0 0 0 0 0 0 0 0 0 0 0 0 0 0 0 0 0 0 0 0 0 0 0 0 0 0 0 0 0 0 0 0 0 0 0 0 0 0 0 0 0 0 0 0 0 0 0 0 0 0 0 0 0 0 0 0 0 0 0 0 0 0 0 0 0 0 0 0 0 0 0 0 0 0 0 0 0 0 0 0 0 0 0 0 0 0 0 0 0 0 0 0 0 0 0 0 0 0 0 0 0 0 0 0 0 0 0 0 0 0 0 0 0 0 0 0 0 0 0 0 0 0 0 0 0 0 0 0 0 0 0 0 0 0 0 0 0 0 0 0 0 0 0 0 0 0 0 0 0 0 0 0 0 0 0 0 0 0 0 0 0 0 0 0 0 0 0 0 0 0 0 0 0 0 0 0 0 0 0 0 0 0 0 0 0 0 0 0 0 0 0 0 0 0 0 0 0 0 0 0 0 0 0 0 0 0 0 0 0 0 0 0 0 0 0 0 0 0 0 0 0 0 0 0 0 0 0 0 0 0 0 0 0 0 0 0 0 0 0 0 0 0 0 0 0 0 0 0 0 0 0 0 0 0 0 0 0 0 0 0 0 0 0 0 0 0 0 0 0 0 0 0 0 0 0 0 0 0 0 0 0 0 0 0 0 0 0 0 0 0 0 0 0 0 0 0 0 0 0 0 0 0 0 0 0 0 0 0 0 0 0 0 0 0 0 0 0 0 0 0 0 0 0 0 0 0 0 0 0 0 0 0 0 0 0 0 0 0 0 0 0 0 0 0 0 0 0 0 0 0 0 0 0 0 0 0 0 0 0 0 0 0 0 0 0 0 0 0 0 0 0 0 0 0 0 0 0 0 0 0 0 0 0 0 0 0 0 0 0 0 0 0 0 0 0 0 0 0 0 0 0 0 0 0 0 0 0 0 0 0 0 0 0 0 0 0 0 0 0 0 0 0 0 0 0 0 0 0 0 0 0 0 0 0 0 0 0 0 0 0 0 0 0 0 0 0 0 0 0 0 0 0 0 0 0 0 0 0 0 0 0 0 0 0 0 0 0 0 0 0 0 0 0 0 0 0 0 0 0 0 0 0 0 0 0 0 0 0 0 0 0 0 0 0 0 0 0 0 0 0 0 0 0 0 0 0 0 0 0 0 0 0 0 0 0 0 0 0 0 0 0 0 0 0 0 0 0 0 0 0 0 0 0 0 0 0 0 0 0 0 0 0 0 0 0 0 0 0 0 0 0 0 0 0 0 0 0 0 0 0 0 0 0 0 0 0 0 0 0 0 0 0 0 0 0 0 0 0 0 0 0 0 0 0 0 0 0 0 0 0 0 0 0 0 0 0 0 0 0 0 0 0 0 0 0 0 0 0 0 0 0 0 0 0 0 0 0 0 0 0 0 0 0 0 0 0 0 0 0 0 0 0 0 0 0 0 0 0 0 0 0 0 0 0 0 0 0 0 0 0 0 0 0 0 0 0 0 0 0 0 0 0 0 0 0 0 0 0 0 0 0 0 0 0 0 0 0 0 0 0 0 0 0 0 0 0 0 0 0 0 0 0 0 0 0 0 0 0 0 0 0 0 0 0 0 0 0 0 0 0 0 0 0 0 0 0 0 0 0 0 0 0 0 0 0 0 0 0 0 0 0 0 0 0 0 0 0 0 0 0 0 0 0 0 0 0 0 0 0 0 0 0 0 0 0 0 0 0 0 0 0 0 0 0 0 0 0 0 0 0 0 0 0 0 0 0 0 0 0 0 0 0 0 0 0 0 0 0 0 0 0 0 0 0 0 0 0 0 0 0 0 0 0 0 0 0 0 0 0 0 0 0 0 0 0 0 0 0 0 0 0 0 0 0 0 0 0 0 0 0 0 0 0 0 0 0 0 0 0 0 0 0 0 0 0 0 0 0 0 0 0 0 0 0 0 0 0 0 0 0 0 0 0 0 0 0 0 0 0 0 0 0 0 0 0 0 0 0 0 0 0 0 0 0 0 0 0 0 0 0 0 0 0 0 0 0 0 0 0 0 0 0 0 0 0 0 0 0 0 0 0 0 0 0 0 0 0 0 0 0 0 0 0 0 0 0 0 0 0 0 0 0 0 0 0 0 0 0 0 0 0 0 0 0 0 0 0 0 0 0 0 0 0 0 0 0 0 0 0 0 0 0 0 0 0 0 0 0 0 0 0 0 0 0 0 0 0 0 0 0 0 0 0 0 0 0 0 0 0 0 0 0 0 0 0 0 0 0 0 0 0 0 0 0 0 0 0 0 0 0 0 0 0 0 0 0 0 0 0 0 0 0 0 0 0 0 0 0 0 0 0 0 0 0 0 0 0 0 0 0 0 0 0 0 0 0 0 0 0 0 0 0 0 0 0 0 0 0 0 0 0 0 0 0 0 0 0 0 0 0 0 0 0 0 0 0 0 0 0 0 0 0 0 0 0 0 0 0 0 0 0 0 0 0 0 0 0 0 0 0 0 0 0 0 0 0 0 0 0 0 0 0 0 0 0 0 0 0 0 0 0 0 0 0 0 0 0 0 0 0 0 0 0 0 0 0 0 0 0 0 0 0 0 0 0 0 0 0 0 0 0 0 0 0 0 0 0 0 0 0 0 0 0 0 0 0 0 0 0 0 0 0 0 0 0 0 0 0 0 0 0 0 0 0 0 0 0 0 0 0 0 0 0 0 0 0 0 0 0 0 0 0 0 0 0 0 0 0 0 0 0 0 0 0 0 0 0 0 0 0 0 0 0 0 0 0 0 0 0 0 0 0 0 0 0 0 0 0 0 0 0 0 0 0 0 0 0 0 0 0 0 0 0 0 0 0 0 0 0 0 0 0 0 0 0 0 0 0 0 0 0 0 0 0 0 0 0 0 0 0 0 0 0 0 0 0 0 0 0 0 0 0 0 0 0 0 0 0 0 0 0 0 0 0 0 0 0 0 0 0 0 0 0 0 0 0 0 0 0 0 0 0 0 0 0 0 0 0 0 0 0 0 0 0 0 0 0 0 0 0 0 0 0 0 0 0 0 0 0 0 0 0 0 0 0 0 0 0 0 0 0 0 0 0 0 0 0 0 0 0 0 0 0 0 0 0 0 0 0 0 0 0 0 0 0 0 0 0 0 0 0 0 0 0 0 0 0 0 0 0 0 0 0 0 0 0 0 0 0 0 0 0 0 0 0 0 0 0 0 0 0 0 0 0 0 0 0 0 0 0 0 0 0 0 0 0 0 0 0 0 0 0 0 0 0 0 0 0 0 0 0 0 0 0 0 0 0 0 0 0 0 0 0 0 0 0 0 0 0 0 0 0 0 0 0 0 0 0 0 0 0 0 0 0 0 0 0 0 0 0 0 0 0 0 0 0 0 0 0 0 0 0 0 0 0 0 0 0 0 0 0 0 0 0 0 0 0 0 0 0 0 0 0 0 0 0 0 0 0 0 0 0 0 0 0 0 0 0 0 0 0 0 0 0 0 0 0 0 0 0 0 0 0 0 0 0 0 0 0 0 0 0 0 0 0 0 0 0 0 0 0 0 0 0 0 0 0 0 0 0 0 0 0 0 0 0 0 0 0 0 0 0 0 0 0 0 0 0 0 0 0 0 0 0 0 0 0 0 0 0 0 0 0 0 0 0 0 0 0 0 0 0 0 0 0 0 0 0 0 0 0 0 0 0 0 0 0 0 0 0 0 0 0 0 0 0 0 0 0 0 0 0 0 0 0 0 0 0 0 0 0 0 0 0 0 0 0 0 0 0 0 0 0 0 0 0 0 0 0 0 0 0 0 0 0 0 0 0 0 0 0 0 0 0 0 0 0 0 0 0 0 0 0 0 0 0 0 0 0 0 0 0 0 0 0 0 0 0 0 0 0 0 0 0 0 0 0 0 0 0 0 0 0 0 0 0 0 0 0 0 0 0 0 0 0 0 0 0 0 0 0 0 0 0 0 0 0 0 0 0 0 0 0 0 0 0 0 0 0 0 0 0 0 0 0 0 0 0 0 0 0 0 0 0 0 0 0 0 0 0 0 0 0 0 0 0 0 0 0 0 0 0 0 0 0 0 0 0 0 0 0 0 0 0 0 0 0 0 0 0 0 0 0 0 0 0 0 0 0 0 0 0 0 0 0 0 0 0 0 0 0 0 0 0 0 0 0 0 0 0 0 0 0 0 0 0 0 0 0 0 0 0 0 0 0 0 0 0 0 0 0 0 0 0 0 0 0 0 0 0 0 0 0 0 0 0 0 0 0 0 0 0 0 0 0 0 0 0 0 0 0 0 0 0 0 0 0 0 0 0 0 0 0 0 0 0 0 0 0 0 0 0 0 0 0 0 0 0 0 0 0 0 0 0 0 0 0 0 0 0 0 0 0 0 0 0 0 0 0 0 0 0 0 0 0 0 0 0 0 0 0 0 0 0 0 0 0 0 0 0 0 0 0 0 0 0 0 0 0 0 0 0 0 0 0 0 0 0 0 0 0 0 0 0 0 0 0 0 0 0 0 0 0 0 0 0 0 0 0 0 0 0 0 0 0 0 0 0 0 0 0 0 0 0 0 0 0 0 0 0 0 0 0 0 0 0 0 0 0 0 0 0 0 0 0 0 0 0 0 0 0 0 0 0 0 0 0 0 0 0 0 0 0 0 0 0 0 0 0 0 0 0 0 0 0 0 0 0 0 0 0 0 0 0 0 0 0 0 0 0 0 0 0 0 0 0 0 0 0 0 0 0 0 0 0 0 0 0 0 0 0 0 0 0 0 0 0 0 0 0 0 0 0 0 0 0 0 0 0 0 0 0 0 0 0 0 0 0 0 0 0 0 0 0 0 0 0 0 0 0 0 0 0 0 0 0 0 0 0 0 0 0 0 0 0 0 0 0 0 0 0 0 0 0 0 0 0 0 0 0 0 0 0 0 0 0 0 0 0 0 0 0 0 0 0 0 0 0 0 0 0 0 0 0 0 0 0 0 0 0 0 0 0 0 0 0 0 0 0 0 0 0 0 0 0 0 0 0 0 0 0 0 0 0 0 0 0 0 0 0 0 0 0 0 0 0 0 0 0 0 0 0 0 0 0 0 0 0 0 0 0 0 0 0 0 0 0 0 0 0 0 0 0 0 0 0 0 0 0 0 0 0 0 0 0 0 0 0 0 0 0 0 0 0 0 0 0 0 0 0 0 0 0 0 0 0 0 0 0 0 0 0 0 0 0 0 0 0 0 0 0 0 0 0 0 0 0 0 0 0 0 0 0 0 0 0 0 0 0 0 0 0 0 0 0 0 0 0 0 0 0 0 0 0 0 0 0 0 0 0 0 0 0 0 0 0 0 0 0 0 0 0 0 0 0 0 0 0 0 0 0 0 0 0 0 0 0 0 0 0 0 0 0 0 0 0 0 0 0 0 0 0 0 0 0 0 0 0 0 0 0 0 0 0 0 0 0 0 0 0 0 0 0 0 0 0 0 0 0 0 0 0 0 0 0 0 0 0 0 0 0 0 0 0 0 0 0 0 0 0 0 0 0 0 0 0 0 0 0 0 0 0 0 0 0 0 0 0 0 0 0 0 0 0 0 0 0 0 0 0 0 0 0 0 0 0 0 0 0 0 0 0 0 0 0 0 0 0 0 0 0 0 0 0 0 0 0 0 0 0 0 0 0 0 0 0 0 0 0 0 0 0 0 0 0 0 0 0 0 0 0 0 0 0 0 0 0 0 0 0 0 0 0 0 0 0 0 0 0 0 0 0 0 0 0 0 0 0 0 0 0 0 0 0 0 0 0 0 0 0 0 0 0 0 0 0 0 0 0 0 0 0 0 0 0 0 0 0 0 0 0 0 0 0 0 0 0 0 0 0 0 0 0 0 0 0 0 0 0 0 0 0 0 0 0 0 0 0 0 0 0 0 0 0 0 0 0 0 0 0 0 0 0 0 0 0 0 0 0 0 0 0 0 0 0 0 0 0 0 0 0 0 0 0 0 0 0 0 0 0 0 0 0 0 0 0 0 0 0 0 0 0 0 0 0 0 0 0 0 0 0 0 0 0 0 0 0 0 0 0 0 0 0 0 0 0 0 0 0 0 0 0 0 0 0 0 0 0 0 0 0 0 0 0 0 0 0 0 0 0 0 0 0 0 0 0 0 0 0 0 0 0 0 0 0 0 0 0 0 0 0 0 0 0 0 0 0 0 0 0 0 0 0 0 0 0 0 0 0 0 0 0 0 0 0 0 0 0 0 0 0 0 0 0 0 0 0 0 0 0 0 0 0 0 0 0 0 0 0 0 0 0 0 0 0 0 0 0 0 0 0 0 0 0 0 0 0 0 0 0 0 0 0 0 0 0 0 0 0 0 0 0 0 0 0 0 0 0 0 0 0 0 0 0 0 0 0 0 0 0 0 0 0 0 0 0 0 0 0 0 0 0 0 0 0 0 0 0 0 0 0 0 0 0 0 0 0 0 0 0 0 0 0 0 0 0 0 0 0 0 0 0 0 0 0 0 0 0 0 0 0 0 0 0 0 0 0 0 0 0 0 0 0 0 0 0 0 0 0 0 0 0 0 0 0 0 0 0 0 0 0 0 0 0 0 0 0 0 0 0 0 0 0 0 0 0 0 0 0 0 0 0 0 0 0 0 0 0 0 0 0 0 0 0 0 0 0 0 0 0 0 0 0 0 0 0 0 0 0 0 0 0 0 0 0 0 0 0 0 0 0 0 0 0 0 0 0 0 0 0 0 0 0 0 0 0 0 0 0 0 0 0 0 0 0 0 0 0 0 0 0 0 0 0 0 0 0 0 0 0 0 0 0 0 0 0 0 0 0 0 0 0 0 0 0 0 0 0 0 0 0 0 0 0 0 0 0 0 0 0 0 0 0 0 0 0 0 0 0 0 0 0 0 0 0 0 0 0 0 0 0 0 0 0 0 0 0 0 0 0 0 0 0 0 0 0 0 0 0 0 0 0 0 0 0 0 0 0 0 0 0 0 0 0 0 0 0 0 0 0 0 0 0 0 0 0 0 0 0 0 0 0 0 0 0 0 0 0 0 0 0 0 0 0 0 0 0 0 0 0 0 0 0 0 0 0 0 0 0 0 0 0 0 0 0 0 0 0 0 0 0 0 0 0 0 0 0 0 0 0 0 0 0 0 0 0 0 0 0 0 0 0 0 0 0 0 0 0 0 0 0 0 0 0 0 0 0 0 0 0 0 0 0 0 0 0 0 0 0 0 0 0 0 0 0 0 0 0 0 0 0 0 0 0 0 0 0 0 0 0 0 0 0 0 0 0 0 0 0 0 0 0 0 0 0 0 0 0 0 0 0 0 0 0 0 0 0 0 0 0 0 0 0 0 0 0 0 0 0 0 0 0 0 0 0 0 0 0 0 0 0 0 0 0 0 0 0 0 0 0 0 0 0 0 0 0 0 0 0 0 0 0 0 0 0 0 0 0 0 0 0 0 0 0 0 0 0 0 0 0 0 0 0 0 0 0 0 0 0 0 0 0 0 0 0 0 0 0 0 0 0 0 0 0 0 0 0 0 0 0 0 0 0 0 0 0 0 0 0 0 0 0 0 0 0 0 0 0 0 0 0 0 0 0 0 0 0 0 0 0 0 0 0 0 0 0 0 0 0 0 0 0 0 0 0 0 0 0 0 0 0 0 0 0 0 0 0 0 0 0 0 0 0 0 0 0 0 0 0 0 0 0 0 0 0 0 0 0 0 0 0 0 0 0 0 0 0 0 0 0 0 0 0 0 0 0 0 0 0 0 0 0 0 0 0 0 0 0 0 0 0 0 0 0 0 0 0 0 0 0 0 0 0 0 0 0 0 0 0 0 0 0 0 0 0 0 0 0 0 0 0 0 0 0 0 0 0 0 0 0 0 0 0 0 0 0 0 0 0 0 0 0 0 0 0 0 0 0 0 0 0 0 0 0 0 0 0 0 0 0 0 0 0 0 0 0 0 0 0 0 0 0 0 0 0 0 0 0 0 0 0 0 0 0 0 0 0 0 0 0 0 0 0 0 0 0 0 0 0 0 0 0 0 0 0 0 0 0 0 0 0 0 0 0 0 0 0 0 0 0 0 0 0 0 0 0 0 0 0 0 0 0 0 0 0 0 0 0 0 0 0 0 0 0 0 0 0 0 0 0 0 0 0 0 0 0 0 0 0 0 0 0 0 0 0 0 0 0 0 0 0 0 0 0 0 0 0 0 0 0 0 0 0 0 0 0 0 0 0 0 0 0 0 0 0 0 0 0 0 0 0 0 0 0 0 0 0 0 0 0 0 0 0 0 0 0 0 0 0 0 0 0 0 0 0 0 0 0 0 0 0 0 0 0 0 0 0 0 0 0 0 0 0 0 0 0 0 0 0 0 0 0 0 0 0 0 0 0 0 0 0 0 0 0 0 0 0 0 0 0 0 0 0 0 0 0 0 0 0 0 0 0 0 0 0 0 0 0 0 0 0 0 0 0 0 0 0 0 0 0 0 0 0 0 0 0 0 0 0 0 0 0 0 0 0 0 0 0 0 0 0 0 0 0 0 0 0 0 0 0 0 0 0 0 0 0 0 0 0 0 0 0 0 0 0 0 0 0 0 0 0 0 0 0 0 0 0 0 0 0 0 0 0 0 0 0 0 0 0 0 0 0 0 0 0 0 0 0 0 0 0 0 0 0 0 0 0 0 0 0 0 0 0 0 0 0 0 0 0 0 0 0 0 0 0 0 0 0 0 0 0 0 0 0 0 0 0 0 0 0 0 0 0 0 0 0 0 0 0 0 0 0 0 0 0 0 0 0 0 0 0 0 0 0 0 0 0 0 0 0 0 0 0 0 0 0 0 0 0 0 0 0 0 0 0 0 0 0 0 0 0 0 0 0 0 0 0 0 0 0 0 0 0 0 0 0 0 0 0 0 0 0 0 0 0 0 0 0 0 0 0 0 0 0 0 0 0 0 0 0 0 0 0 0 0 0 0 0 0 0 0 0 0 0 0 0 0 0 0 0 0 0 0 0 0 0 0 0 0 0 0 0 0 0 0 0 0 0 0 0 0 0 0 0 0 0 0 0 0 0 0 0 0 0 0 0 0 0 0 0 0 0 0 0 0 0 0 0 0 0 0 0 0 0 0 0 0 0 0 0 0 0 0 0 0 0 0 0 0 0 0 0 0 0 0 0 0 0 0 0 0 0 0 0 0 0 0 0 0 0 0 0 0 0 0 0 0 0 0 0 0 0 0 0 0 0 0 0 0 0 0 0 0 

periods
1
3
1
3
0 0 0 

analysis_period
1
1
1
1
30
analysis_period_warning
1
4
0
annual_albedo
1
1
1
1
0.225395
annual_beam
1
1
1
1
7.66733
annual_diffuse
1
1
1
1
1.24816
annual_global
1
1
1
1
5.83339
annual_snow
1
1
1
1
nan
annual_tdry
1
1
1
1
16.9747
annual_wspd
1
1
1
1
2.26213
bop_par
1
1
1
1
0.025
bop_par_0
1
1
1
1
0
bop_par_1
1
1
1
1
0.483
bop_par_2
1
1
1
1
0
bop_par_f
1
1
1
1
1
bop_spec_cost
1
1
1
1
100
cbi_fed_amount
1
1
1
1
0
cbi_fed_deprbas_fed
1
1
1
1
0
cbi_fed_deprbas_sta
1
1
1
1
0
cbi_fed_maxvalue
1
1
1
1
0
cbi_fed_tax_fed
1
1
1
1
1
cbi_fed_tax_sta
1
1
1
1
1
cbi_oth_amount
1
1
1
1
0
cbi_oth_deprbas_fed
1
1
1
1
0
cbi_oth_deprbas_sta
1
1
1
1
0
cbi_oth_maxvalue
1
1
1
1
0
cbi_oth_tax_fed
1
1
1
1
1
cbi_oth_tax_sta
1
1
1
1
1
cbi_sta_amount
1
1
1
1
0
cbi_sta_deprbas_fed
1
1
1
1
0
cbi_sta_deprbas_sta
1
1
1
1
0
cbi_sta_maxvalue
1
1
1
1
0
cbi_sta_tax_fed
1
1
1
1
1
cbi_sta_tax_sta
1
1
1
1
1
cbi_uti_amount
1
1
1
1
0
cbi_uti_deprbas_fed
1
1
1
1
0
cbi_uti_deprbas_sta
1
1
1
1
0
cbi_uti_maxvalue
1
1
1
1
0
cbi_uti_tax_fed
1
1
1
1
1
cbi_uti_tax_sta
1
1
1
1
1
city
1
4
1
-
cold_tank_Thtr
1
1
1
1
280
cold_tank_max_heat
1
1
1
1
15
const_per_interest1
1
1
1
1
0
const_per_interest2
1
1
1
1
0
const_per_interest3
1
1
1
1
0
const_per_interest4
1
1
1
1
0
const_per_interest5
1
1
1
1
0
const_per_interest_rate1
1
1
1
1
0
const_per_interest_rate2
1
1
1
1
0
const_per_interest_rate3
1
1
1
1
0
const_per_interest_rate4
1
1
1
1
0
const_per_interest_rate5
1
1
1
1
0
const_per_interest_total
1
1
1
1
0
const_per_months1
1
1
1
1
0
const_per_months2
1
1
1
1
0
const_per_months3
1
1
1
1
0
const_per_months4
1
1
1
1
0
const_per_months5
1
1
1
1
0
const_per_name1
1
4
6
Loan 1
const_per_name2
1
4
6
Loan 2
const_per_name3
1
4
6
Loan 3
const_per_name4
1
4
6
Loan 4
const_per_name5
1
4
6
Loan 5
const_per_percent1
1
1
1
1
0
const_per_percent2
1
1
1
1
0
const_per_percent3
1
1
1
1
0
const_per_percent4
1
1
1
1
0
const_per_percent5
1
1
1
1
0
const_per_percent_total
1
1
1
1
0
const_per_principal1
1
1
1
1
0
const_per_principal2
1
1
1
1
0
const_per_principal3
1
1
1
1
0
const_per_principal4
1
1
1
1
0
const_per_principal5
1
1
1
1
0
const_per_principal_total
1
1
1
1
0
const_per_total1
1
1
1
1
0
const_per_total2
1
1
1
1
0
const_per_total3
1
1
1
1
0
const_per_total4
1
1
1
1
0
const_per_total5
1
1
1
1
0
const_per_upfront_rate1
1
1
1
1
0
const_per_upfront_rate2
1
1
1
1
0
const_per_upfront_rate3
1
1
1
1
0
const_per_upfront_rate4
1
1
1
1
0
const_per_upfront_rate5
1
1
1
1
0
construction_financing_cost
1
1
1
1
0
contingency_rate
1
1
1
1
8.85
cost_debt_closing
1
1
1
1
0
cost_debt_fee
1
1
1
1
0
cost_other_financing
1
1
1
1
0
country
1
4
1
-
cp_battery_nameplate
1
1
1
1
0
cp_capacity_credit_percent
1
2
1
1
0
cp_capacity_payment_amount
1
2
1
1
0
cp_capacity_payment_esc
1
1
1
1
0
cp_capacity_payment_type
1
1
1
1
0
cp_system_nameplate
1
1
1
1
99
csp.pt.par.calc.bop
1
1
1
1
-1
csp.pt.pwrb.condenser_type
1
1
1
1
1
csp.pt.pwrb.pressure_mode
1
1
1
1
0
csp.pt.rec.htf_c_avg
1
1
1
1
-1
csp.pt.tes.heater_eff
1
1
1
1
0.99
csp.pt.tes.htf_calc_temp
1
1
1
1
0
csp.pt.tes.htf_density
1
1
1
1
1808.48
csp.pt.tes.init_hot_htf_percent
1
1
1
1
30
csp.pt.tes.tank_diameter
1
1
1
1
20.8909
cycle_cutoff_frac
1
1
1
1
0.25
cycle_max_frac
1
1
1
1
1.2
cycle_spec_cost
1
1
1
1
730.98
dT_cw_ref
1
1
1
1
20
debt_message
1
4
0
debt_option
1
1
1
1
1
debt_percent
1
1
1
1
50
degradation
1
2
1
1
0
depr_alloc_custom_percent
1
1
1
1
0
depr_alloc_macrs_15_percent
1
1
1
1
0
depr_alloc_macrs_5_percent
1
1
1
1
100
depr_alloc_none
1
1
1
1
0
depr_alloc_sl_15_percent
1
1
1
1
0
depr_alloc_sl_20_percent
1
1
1
1
0
depr_alloc_sl_39_percent
1
1
1
1
0
depr_alloc_sl_5_percent
1
1
1
1
0
depr_bonus_fed
1
1
1
1
0
depr_bonus_fed_custom
1
1
1
1
0
depr_bonus_fed_macrs_15
1
1
1
1
0
depr_bonus_fed_macrs_5
1
1
1
1
1
depr_bonus_fed_sl_15
1
1
1
1
0
depr_bonus_fed_sl_20
1
1
1
1
0
depr_bonus_fed_sl_39
1
1
1
1
0
depr_bonus_fed_sl_5
1
1
1
1
0
depr_bonus_sta
1
1
1
1
0
depr_bonus_sta_custom
1
1
1
1
0
depr_bonus_sta_macrs_15
1
1
1
1
0
depr_bonus_sta_macrs_5
1
1
1
1
0
depr_bonus_sta_sl_15
1
1
1
1
0
depr_bonus_sta_sl_20
1
1
1
1
0
depr_bonus_sta_sl_39
1
1
1
1
0
depr_bonus_sta_sl_5
1
1
1
1
0
depr_custom_schedule
1
2
1
1
0
depr_fedbas_method
1
1
1
1
1
depr_itc_fed_custom
1
1
1
1
0
depr_itc_fed_macrs_15
1
1
1
1
0
depr_itc_fed_macrs_5
1
1
1
1
0
depr_itc_fed_sl_15
1
1
1
1
0
depr_itc_fed_sl_20
1
1
1
1
0
depr_itc_fed_sl_39
1
1
1
1
0
depr_itc_fed_sl_5
1
1
1
1
0
depr_itc_sta_custom
1
1
1
1
0
depr_itc_sta_macrs_15
1
1
1
1
0
depr_itc_sta_macrs_5
1
1
1
1
0
depr_itc_sta_sl_15
1
1
1
1
0
depr_itc_sta_sl_20
1
1
1
1
0
depr_itc_sta_sl_39
1
1
1
1
0
depr_itc_sta_sl_5
1
1
1
1
0
depr_stabas_method
1
1
1
1
1
design_eff
1
1
1
1
0.45
disp_csu_cost
1
1
1
1
10000
disp_frequency
1
1
1
1
24
disp_horizon
1
1
1
1
48
disp_inventory_incentive
1
1
1
1
0.3
disp_max_iter
1
1
1
1
10000
disp_mip_gap
1
1
1
1
0.055
disp_pen_delta_w
1
1
1
1
0.1
disp_rsu_cost
1
1
1
1
952
disp_time_weighting
1
1
1
1
0.99
disp_timeout
1
1
1
1
5
disp_wlim_maxspec
1
1
1
1
1
dispatch_data_filename
1
4
0
dispatch_factor1
1
1
1
1
1.4514
dispatch_factor2
1
1
1
1
0.8317
dispatch_factor3
1
1
1
1
1.0144
dispatch_factor4
1
1
1
1
1.2855
dispatch_factor5
1
1
1
1
0.8312
dispatch_factor6
1
1
1
1
1.0092
dispatch_factor7
1
1
1
1
1.1327
dispatch_factor8
1
1
1
1
0.7036
dispatch_factor9
1
1
1
1
0.9977
dispatch_factors_ts
1
2
1
8147
0 0.7 0.7 0.7 0.7 0.7 0.8 0.8 1.1 1.1 1.1 1.1 1.1 1.1 1.1 1.1 1.1 1.1 1.1 1.1 1.1 0.8 0.8 0.8 0.7 0.7 0.7 0.7 0.7 0.7 0.8 0.8 1.1 1.1 1.1 1.1 1.1 1.1 1.1 1.1 1.1 1.1 1.1 1.1 1.1 0.8 0.8 0.8 0.7 0.7 0.7 0.7 0.7 0.7 0.8 0.8 1.1 1.1 1.1 1.1 1.1 1.1 1.1 1.1 1.1 1.1 1.1 1.1 1.1 0.8 0.8 0.8 0.7 0.7 0.7 0.7 0.7 0.7 0.8 0.8 1.1 1.1 1.1 1.1 1.1 1.1 1.1 1.1 1.1 1.1 1.1 1.1 1.1 0.8 0.8 0.8 0.7 0.7 0.7 0.7 0.7 0.7 0.8 0.8 1.1 1.1 1.1 1.1 1.1 1.1 1.1 1.1 1.1 1.1 1.1 1.1 1.1 0.8 0.8 0.8 0.7 0.7 0.7 0.7 0.7 0.7 0.8 0.8 0.8 0.8 0.8 0.8 0.8 0.8 0.8 0.8 0.8 0.8 0.8 0.8 0.8 0.8 0.8 0.8 0.7 0.7 0.7 0.7 0.7 0.7 0.8 0.8 0.8 0.8 0.8 0.8 0.8 0.8 0.8 0.8 0.8 0.8 0.8 0.8 0.8 0.8 0.8 0.8 0.7 0.7 0.7 0.7 0.7 0.7 0.8 0.8 1.1 1.1 1.1 1.1 1.1 1.1 1.1 1.1 1.1 1.1 1.1 1.1 1.1 0.8 0.8 0.8 0.7 0.7 0.7 0.7 0.7 0.7 0.8 0.8 1.1 1.1 1.1 1.1 1.1 1.1 1.1 1.1 1.1 1.1 1.1 1.1 1.1 0.8 0.8 0.8 0.7 0.7 0.7 0.7 0.7 0.7 0.8 0.8 1.1 1.1 1.1 1.1 1.1 1.1 1.1 1.1 1.1 1.1 1.1 1.1 1.1 0.8 0.8 0.8 0.7 0.7 0.7 0.7 0.7 0.7 0.8 0.8 1.1 1.1 1.1 1.1 1.1 1.1 1.1 1.1 1.1 1.1 1.1 1.1 1.1 0.8 0.8 0.8 0.7 0.7 0.7 0.7 0.7 0.7 0.8 0.8 1.1 1.1 1.1 1.1 1.1 1.1 1.1 1.1 1.1 1.1 1.1 1.1 1.1 0.8 0.8 0.8 0.7 0.7 0.7 0.7 0.7 0.7 0.8 0.8 0.8 0.8 0.8 0.8 0.8 0.8 0.8 0.8 0.8 0.8 0.8 0.8 0.8 0.8 0.8 0.8 0.7 0.7 0.7 0.7 0.7 0.7 0.8 0.8 0.8 0.8 0.8 0.8 0.8 0.8 0.8 0.8 0.8 0.8 0.8 0.8 0.8 0.8 0.8 0.8 0.7 0.7 0.7 0.7 0.7 0.7 0.8 0.8 1.1 1.1 1.1 1.1 1.1 1.1 1.1 1.1 1.1 1.1 1.1 1.1 1.1 0.8 0.8 0.8 0.7 0.7 0.7 0.7 0.7 0.7 0.8 0.8 1.1 1.1 1.1 1.1 1.1 1.1 1.1 1.1 1.1 1.1 1.1 1.1 1.1 0.8 0.8 0.8 0.7 0.7 0.7 0.7 0.7 0.7 0.8 0.8 1.1 1.1 1.1 1.1 1.1 1.1 1.1 1.1 1.1 1.1 1.1 1.1 1.1 0.8 0.8 0.8 0.7 0.7 0.7 0.7 0.7 0.7 0.8 0.8 1.1 1.1 1.1 1.1 1.1 1.1 1.1 1.1 1.1 1.1 1.1 1.1 1.1 0.8 0.8 0.8 0.7 0.7 0.7 0.7 0.7 0.7 0.8 0.8 1.1 1.1 1.1 1.1 1.1 1.1 1.1 1.1 1.1 1.1 1.1 1.1 1.1 0.8 0.8 0.8 0.7 0.7 0.7 0.7 0.7 0.7 0.8 0.8 0.8 0.8 0.8 0.8 0.8 0.8 0.8 0.8 0.8 0.8 0.8 0.8 0.8 0.8 0.8 0.8 0.7 0.7 0.7 0.7 0.7 0.7 0.8 0.8 0.8 0.8 0.8 0.8 0.8 0.8 0.8 0.8 0.8 0.8 0.8 0.8 0.8 0.8 0.8 0.8 0.7 0.7 0.7 0.7 0.7 0.7 0.8 0.8 1.1 1.1 1.1 1.1 1.1 1.1 1.1 1.1 1.1 1.1 1.1 1.1 1.1 0.8 0.8 0.8 0.7 0.7 0.7 0.7 0.7 0.7 0.8 0.8 1.1 1.1 1.1 1.1 1.1 1.1 1.1 1.1 1.1 1.1 1.1 1.1 1.1 0.8 0.8 0.8 0.7 0.7 0.7 0.7 0.7 0.7 0.8 0.8 1.1 1.1 1.1 1.1 1.1 1.1 1.1 1.1 1.1 1.1 1.1 1.1 1.1 0.8 0.8 0.8 0.7 0.7 0.7 0.7 0.7 0.7 0.8 0.8 1.1 1.1 1.1 1.1 1.1 1.1 1.1 1.1 1.1 1.1 1.1 1.1 1.1 0.8 0.8 0.8 0.7 0.7 0.7 0.7 0.7 0.7 0.8 0.8 1.1 1.1 1.1 1.1 1.1 1.1 1.1 1.1 1.1 1.1 1.1 1.1 1.1 0.8 0.8 0.8 0.7 0.7 0.7 0.7 0.7 0.7 0.8 0.8 0.8 0.8 0.8 0.8 0.8 0.8 0.8 0.8 0.8 0.8 0.8 0.8 0.8 0.8 0.8 0.8 0.7 0.7 0.7 0.7 0.7 0.7 0.8 0.8 0.8 0.8 0.8 0.8 0.8 0.8 0.8 0.8 0.8 0.8 0.8 0.8 0.8 0.8 0.8 0.8 0.7 0.7 0.7 0.7 0.7 0.7 0.8 0.8 1.1 1.1 1.1 1.1 1.1 1.1 1.1 1.1 1.1 1.1 1.1 1.1 1.1 0.8 0.8 0.8 0.7 0.7 0.7 0.7 0.7 0.7 0.8 0.8 1.1 1.1 1.1 1.1 1.1 1.1 1.1 1.1 1.1 1.1 1.1 1.1 1.1 0.8 0.8 0.8 0.7 0.7 0.7 0.7 0.7 0.7 0.8 0.8 1.1 1.1 1.1 1.1 1.1 1.1 1.1 1.1 1.1 1.1 1.1 1.1 1.1 0.8 0.8 0.8 0.7 0.7 0.7 0.7 0.7 0.7 0.8 0.8 1.1 1.1 1.1 1.1 1.1 1.1 1.1 1.1 1.1 1.1 1.1 1.1 1.1 0.8 0.8 0.8 0.7 0.7 0.7 0.7 0.7 0.7 0.8 0.8 1.1 1.1 1.1 1.1 1.1 1.1 1.1 1.1 1.1 1.1 1.1 1.1 1.1 0.8 0.8 0.8 0.7 0.7 0.7 0.7 0.7 0.7 0.8 0.8 0.8 0.8 0.8 0.8 0.8 0.8 0.8 0.8 0.8 0.8 0.8 0.8 0.8 0.8 0.8 0.8 0.7 0.7 0.7 0.7 0.7 0.7 0.8 0.8 0.8 0.8 0.8 0.8 0.8 0.8 0.8 0.8 0.8 0.8 0.8 0.8 0.8 0.8 0.8 0.8 0.7 0.7 0.7 0.7 0.7 0.7 0.8 0.8 1.1 1.1 1.1 1.1 1.1 1.1 1.1 1.1 1.1 1.1 1.1 1.1 1.1 0.8 0.8 0.8 0.7 0.7 0.7 0.7 0.7 0.7 0.8 0.8 1.1 1.1 1.1 1.1 1.1 1.1 1.1 1.1 1.1 1.1 1.1 1.1 1.1 0.8 0.8 0.8 0.7 0.7 0.7 0.7 0.7 0.7 0.8 0.8 1.1 1.1 1.1 1.1 1.1 1.1 1.1 1.1 1.1 1.1 1.1 1.1 1.1 0.8 0.8 0.8 0.7 0.7 0.7 0.7 0.7 0.7 0.8 0.8 1.1 1.1 1.1 1.1 1.1 1.1 1.1 1.1 1.1 1.1 1.1 1.1 1.1 0.8 0.8 0.8 0.7 0.7 0.7 0.7 0.7 0.7 0.8 0.8 1.1 1.1 1.1 1.1 1.1 1.1 1.1 1.1 1.1 1.1 1.1 1.1 1.1 0.8 0.8 0.8 0.7 0.7 0.7 0.7 0.7 0.7 0.8 0.8 0.8 0.8 0.8 0.8 0.8 0.8 0.8 0.8 0.8 0.8 0.8 0.8 0.8 0.8 0.8 0.8 0.7 0.7 0.7 0.7 0.7 0.7 0.8 0.8 0.8 0.8 0.8 0.8 0.8 0.8 0.8 0.8 0.8 0.8 0.8 0.8 0.8 0.8 0.8 0.8 0.7 0.7 0.7 0.7 0.7 0.7 0.8 0.8 1.1 1.1 1.1 1.1 1.1 1.1 1.1 1.1 1.1 1.1 1.1 1.1 1.1 0.8 0.8 0.8 0.7 0.7 0.7 0.7 0.7 0.7 0.8 0.8 1.1 1.1 1.1 1.1 1.1 1.1 1.1 1.1 1.1 1.1 1.1 1.1 1.1 0.8 0.8 0.8 0.7 0.7 0.7 0.7 0.7 0.7 0.8 0.8 1.1 1.1 1.1 1.1 1.1 1.1 1.1 1.1 1.1 1.1 1.1 1.1 1.1 0.8 0.8 0.8 0.7 0.7 0.7 0.7 0.7 0.7 0.8 0.8 1.1 1.1 1.1 1.1 1.1 1.1 1.1 1.1 1.1 1.1 1.1 1.1 1.1 0.8 0.8 0.8 0.7 0.7 0.7 0.7 0.7 0.7 0.8 0.8 1.1 1.1 1.1 1.1 1.1 1.1 1.1 1.1 1.1 1.1 1.1 1.1 1.1 0.8 0.8 0.8 0.7 0.7 0.7 0.7 0.7 0.7 0.8 0.8 0.8 0.8 0.8 0.8 0.8 0.8 0.8 0.8 0.8 0.8 0.8 0.8 0.8 0.8 0.8 0.8 0.7 0.7 0.7 0.7 0.7 0.7 0.8 0.8 0.8 0.8 0.8 0.8 0.8 0.8 0.8 0.8 0.8 0.8 0.8 0.8 0.8 0.8 0.8 0.8 0.7 0.7 0.7 0.7 0.7 0.7 0.8 0.8 1.1 1.1 1.1 1.1 1.1 1.1 1.1 1.1 1.1 1.1 1.1 1.1 1.1 0.8 0.8 0.8 0.7 0.7 0.7 0.7 0.7 0.7 0.8 0.8 1.1 1.1 1.1 1.1 1.1 1.1 1.1 1.1 1.1 1.1 1.1 1.1 1.1 0.8 0.8 0.8 0.7 0.7 0.7 0.7 0.7 0.7 0.8 0.8 1.1 1.1 1.1 1.1 1.1 1.1 1.1 1.1 1.1 1.1 1.1 1.1 1.1 0.8 0.8 0.8 0.7 0.7 0.7 0.7 0.7 0.7 0.8 0.8 1.1 1.1 1.1 1.1 1.1 1.1 1.1 1.1 1.1 1.1 1.1 1.1 1.1 0.8 0.8 0.8 0.7 0.7 0.7 0.7 0.7 0.7 0.8 0.8 1.1 1.1 1.1 1.1 1.1 1.1 1.1 1.1 1.1 1.1 1.1 1.1 1.1 0.8 0.8 0.8 0.7 0.7 0.7 0.7 0.7 0.7 0.8 0.8 0.8 0.8 0.8 0.8 0.8 0.8 0.8 0.8 0.8 0.8 0.8 0.8 0.8 0.8 0.8 0.8 0.7 0.7 0.7 0.7 0.7 0.7 0.8 0.8 0.8 0.8 0.8 0.8 0.8 0.8 0.8 0.8 0.8 0.8 0.8 0.8 0.8 0.8 0.8 0.8 0.7 0.7 0.7 0.7 0.7 0.7 0.8 0.8 1.1 1.1 1.1 1.1 1.1 1.1 1.1 1.1 1.1 1.1 1.1 1.1 1.1 0.8 0.8 0.8 0.7 0.7 0.7 0.7 0.7 0.7 0.8 0.8 1.1 1.1 1.1 1.1 1.1 1.1 1.1 1.1 1.1 1.1 1.1 1.1 1.1 0.8 0.8 0.8 0.7 0.7 0.7 0.7 0.7 0.7 0.8 0.8 1.1 1.1 1.1 1.1 1.1 1.1 1.1 1.1 1.1 1.1 1.1 1.1 1.1 0.8 0.8 0.8 0.7 0.7 0.7 0.7 0.7 0.7 0.8 0.8 1.1 1.1 1.1 1.1 1.1 1.1 1.1 1.1 1.1 1.1 1.1 1.1 1.1 0.8 0.8 0.8 0.7 0.7 0.7 0.7 0.7 0.7 0.8 0.8 1.1 1.1 1.1 1.1 1.1 1.1 1.1 1.1 1.1 1.1 1.1 1.1 1.1 0.8 0.8 0.8 0.7 0.7 0.7 0.7 0.7 0.7 0.8 0.8 0.8 0.8 0.8 0.8 0.8 0.8 0.8 0.8 0.8 0.8 0.8 0.8 0.8 0.8 0.8 0.8 0.7 0.7 0.7 0.7 0.7 0.7 0.8 0.8 0.8 0.8 0.8 0.8 0.8 0.8 0.8 0.8 0.8 0.8 0.8 0.8 0.8 0.8 0.8 0.8 0.7 0.7 0.7 0.7 0.7 0.7 0.8 0.8 1.1 1.1 1.1 1.1 1.1 1.1 1.1 1.1 1.1 1.1 1.1 1.1 1.1 0.8 0.8 0.8 0.7 0.7 0.7 0.7 0.7 0.7 0.8 0.8 1.1 1.1 1.1 1.1 1.1 1.1 1.1 1.1 1.1 1.1 1.1 1.1 1.1 0.8 0.8 0.8 0.7 0.7 0.7 0.7 0.7 0.7 0.8 0.8 1.1 1.1 1.1 1.1 1.1 1.1 1.1 1.1 1.1 1.1 1.1 1.1 1.1 0.8 0.8 0.8 0.7 0.7 0.7 0.7 0.7 0.7 0.8 0.8 1.1 1.1 1.1 1.1 1.1 1.1 1.1 1.1 1.1 1.1 1.1 1.1 1.1 0.8 0.8 0.8 0.7 0.7 0.7 0.7 0.7 0.7 0.8 0.8 1.1 1.1 1.1 1.1 1.1 1.1 1.1 1.1 1.1 1.1 1.1 1.1 1.1 0.8 0.8 0.8 0.7 0.7 0.7 0.7 0.7 0.7 0.8 0.8 0.8 0.8 0.8 0.8 0.8 0.8 0.8 0.8 0.8 0.8 0.8 0.8 0.8 0.8 0.8 0.8 0.7 0.7 0.7 0.7 0.7 0.7 0.8 0.8 0.8 0.8 0.8 0.8 0.8 0.8 0.8 0.8 0.8 0.8 0.8 0.8 0.8 0.8 0.8 0.8 0.7 0.7 0.7 0.7 0.7 0.7 0.8 0.8 1.1 1.1 1.1 1.1 1.1 1.1 1.1 1.1 1.1 1.1 1.1 1.1 1.1 0.8 0.8 0.8 0.7 0.7 0.7 0.7 0.7 0.7 0.8 0.8 1.1 1.1 1.1 1.1 1.1 1.1 1.1 1.1 1.1 1.1 1.1 1.1 1.1 0.8 0.8 0.8 0.7 0.7 0.7 0.7 0.7 0.7 0.8 0.8 1.1 1.1 1.1 1.1 1.1 1.1 1.1 1.1 1.1 1.1 1.1 1.1 1.1 0.8 0.8 0.8 0.7 0.7 0.7 0.7 0.7 0.7 0.8 0.8 1.1 1.1 1.1 1.1 1.1 1.1 1.1 1.1 1.1 1.1 1.1 1.1 1.1 0.8 0.8 0.8 0.7 0.7 0.7 0.7 0.7 0.7 0.8 0.8 1.1 1.1 1.1 1.1 1.1 1.1 1.1 1.1 1.1 1.1 1.1 1.1 1.1 0.8 0.8 0.8 0.7 0.7 0.7 0.7 0.7 0.7 0.8 0.8 0.8 0.8 0.8 0.8 0.8 0.8 0.8 0.8 0.8 0.8 0.8 0.8 0.8 0.8 0.8 0.8 0.7 0.7 0.7 0.7 0.7 0.7 0.8 0.8 0.8 0.8 0.8 0.8 0.8 0.8 0.8 0.8 0.8 0.8 0.8 0.8 0.8 0.8 0.8 0.8 0.7 0.7 0.7 0.7 0.7 0.7 0.8 0.8 1.1 1.1 1.1 1.1 1.1 1.1 1.1 1.1 1.1 1.1 1.1 1.1 1.1 0.8 0.8 0.8 0.7 0.7 0.7 0.7 0.7 0.7 0.8 0.8 1.1 1.1 1.1 1.1 1.1 1.1 1.1 1.1 1.1 1.1 1.1 1.1 1.1 0.8 0.8 0.8 0.7 0.7 0.7 0.7 0.7 0.7 0.8 0.8 1.1 1.1 1.1 1.1 1.1 1.1 1.1 1.1 1.1 1.1 1.1 1.1 1.1 0.8 0.8 0.8 0.7 0.7 0.7 0.7 0.7 0.7 0.8 0.8 1.1 1.1 1.1 1.1 1.1 1.1 1.1 1.1 1.1 1.1 1.1 1.1 1.1 0.8 0.8 0.8 0.7 0.7 0.7 0.7 0.7 0.7 0.8 0.8 1.1 1.1 1.1 1.1 1.1 1.1 1.1 1.1 1.1 1.1 1.1 1.1 1.1 0.8 0.8 0.8 0.7 0.7 0.7 0.7 0.7 0.7 0.8 0.8 0.8 0.8 0.8 0.8 0.8 0.8 0.8 0.8 0.8 0.8 0.8 0.8 0.8 0.8 0.8 0.8 0.7 0.7 0.7 0.7 0.7 0.7 0.8 0.8 0.8 0.8 0.8 0.8 0.8 0.8 0.8 0.8 0.8 0.8 0.8 0.8 0.8 0.8 0.8 0.8 0.7 0.7 0.7 0.7 0.7 0.7 0.8 0.8 1.1 1.1 1.1 1.1 1.1 1.1 1.1 1.1 1.1 1.1 1.1 1.1 1.1 0.8 0.8 0.8 0.7 0.7 0.7 0.7 0.7 0.7 0.8 0.8 1.1 1.1 1.1 1.1 1.1 1.1 1.1 1.1 1.1 1.1 1.1 1.1 1.1 0.8 0.8 0.8 0.7 0.7 0.7 0.7 0.7 0.7 0.8 0.8 1.1 1.1 1.1 1.1 1.1 1.1 1.1 1.1 1.1 1.1 1.1 1.1 1.1 0.8 0.8 0.8 0.7 0.7 0.7 0.7 0.7 0.7 0.8 0.8 1.1 1.1 1.1 1.1 1.1 1.1 1.1 1.1 1.1 1.1 1.1 1.1 1.1 0.8 0.8 0.8 0.7 0.7 0.7 0.7 0.7 0.7 0.8 0.8 1.1 1.1 1.1 1.1 1.1 1.1 1.1 1.1 1.1 1.1 1.1 1.1 1.1 0.8 0.8 0.8 0.7 0.7 0.7 0.7 0.7 0.7 0.8 0.8 0.8 0.8 0.8 0.8 0.8 0.8 0.8 0.8 0.8 0.8 0.8 0.8 0.8 0.8 0.8 0.8 0.7 0.7 0.7 0.7 0.7 0.7 0.8 0.8 0.8 0.8 0.8 0.8 0.8 0.8 0.8 0.8 0.8 0.8 0.8 0.8 0.8 0.8 0.8 0.8 0.7 0.7 0.7 0.7 0.7 0.7 0.8 0.8 1.1 1.1 1.1 1.1 1.1 1.1 1.1 1.1 1.1 1.1 1.1 1.1 1.1 0.8 0.8 0.8 0.7 0.7 0.7 0.7 0.7 0.7 0.8 0.8 1.1 1.1 1.1 1.1 1.1 1.1 1.1 1.1 1.1 1.1 1.1 1.1 1.1 0.8 0.8 0.8 0.7 0.7 0.7 0.7 0.7 0.7 0.8 0.8 1.1 1.1 1.1 1.1 1.1 1.1 1.1 1.1 1.1 1.1 1.1 1.1 1.1 0.8 0.8 0.8 0.7 0.7 0.7 0.7 0.7 0.7 0.8 0.8 1.1 1.1 1.1 1.1 1.1 1.1 1.1 1.1 1.1 1.1 1.1 1.1 1.1 0.8 0.8 0.8 0.7 0.7 0.7 0.7 0.7 0.7 0.8 0.8 1.1 1.1 1.1 1.1 1.1 1.1 1.1 1.1 1.1 1.1 1.1 1.1 1.1 0.8 0.8 0.8 0.7 0.7 0.7 0.7 0.7 0.7 0.8 0.8 0.8 0.8 0.8 0.8 0.8 0.8 0.8 0.8 0.8 0.8 0.8 0.8 0.8 0.8 0.8 0.8 0.7 0.7 0.7 0.7 0.7 0.7 0.8 0.8 0.8 0.8 0.8 0.8 0.8 0.8 0.8 0.8 0.8 0.8 0.8 0.8 0.8 0.8 0.8 0.8 0.7 0.7 0.7 0.7 0.7 0.7 0.8 0.8 1.1 1.1 1.1 1.1 1.1 1.1 1.1 1.1 1.1 1.1 1.1 1.1 1.1 0.8 0.8 0.8 0.7 0.7 0.7 0.7 0.7 0.7 0.8 0.8 1.1 1.1 1.1 1.1 1.1 1.1 1.1 1.1 1.1 1.1 1.1 1.1 1.1 0.8 0.8 0.8 0.7 0.7 0.7 0.7 0.7 0.7 0.8 0.8 1.1 1.1 1.1 1.1 1.1 1.1 1.1 1.1 1.1 1.1 1.1 1.1 1.1 0.8 0.8 0.8 0.7 0.7 0.7 0.7 0.7 0.7 0.8 0.8 1.1 1.1 1.1 1.1 1.1 1.1 1.1 1.1 1.1 1.1 1.1 1.1 1.1 0.8 0.8 0.8 0.7 0.7 0.7 0.7 0.7 0.7 0.8 0.8 1.1 1.1 1.1 1.1 1.1 1.1 1.1 1.1 1.1 1.1 1.1 1.1 1.1 0.8 0.8 0.8 0.7 0.7 0.7 0.7 0.7 0.7 0.8 0.8 0.8 0.8 0.8 0.8 0.8 0.8 0.8 0.8 0.8 0.8 0.8 0.8 0.8 0.8 0.8 0.8 0.7 0.7 0.7 0.7 0.7 0.7 0.8 0.8 0.8 0.8 0.8 0.8 0.8 0.8 0.8 0.8 0.8 0.8 0.8 0.8 0.8 0.8 0.8 0.8 0.7 0.7 0.7 0.7 0.7 0.7 0.8 0.8 1.1 1.1 1.1 1.1 1.1 1.1 1.1 1.1 1.1 1.1 1.1 1.1 1.1 0.8 0.8 0.8 0.7 0.7 0.7 0.7 0.7 0.7 0.8 0.8 1.1 1.1 1.1 1.1 1.1 1.1 1.1 1.1 1.1 1.1 1.1 1.1 1.1 0.8 0.8 0.8 0.7 0.7 0.7 0.7 0.7 0.7 0.8 0.8 1.1 1.1 1.1 1.1 1.1 1.1 1.1 1.1 1.1 1.1 1.1 1.1 1.1 0.8 0.8 0.8 0.7 0.7 0.7 0.7 0.7 0.7 0.8 0.8 1.1 1.1 1.1 1.1 1.1 1.1 1.1 1.1 1.1 1.1 1.1 1.1 1.1 0.8 0.8 0.8 0.7 0.7 0.7 0.7 0.7 0.7 0.8 0.8 1.1 1.1 1.1 1.1 1.1 1.1 1.1 1.1 1.1 1.1 1.1 1.1 1.1 0.8 0.8 0.8 0.7 0.7 0.7 0.7 0.7 0.7 0.8 0.8 0.8 0.8 0.8 0.8 0.8 0.8 0.8 0.8 0.8 0.8 0.8 0.8 0.8 0.8 0.8 0.8 0.7 0.7 0.7 0.7 0.7 0.7 0.8 0.8 0.8 0.8 0.8 0.8 0.8 0.8 0.8 0.8 0.8 0.8 0.8 0.8 0.8 0.8 0.8 0.8 0.7 0.7 0.7 0.7 0.7 0.7 0.8 0.8 1.1 1.1 1.1 1.1 1.1 1.1 1.1 1.1 1.1 1.1 1.1 1.1 1.1 0.8 0.8 0.8 0.7 0.7 0.7 0.7 0.7 0.7 0.8 0.8 1.1 1.1 1.1 1.1 1.1 1.1 1.1 1.1 1.1 1.1 1.1 1.1 1.1 0.8 0.8 0.8 0.7 0.7 0.7 0.7 0.7 0.7 0.8 0.8 1.1 1.1 1.1 1.1 1.1 1.1 1.1 1.1 1.1 1.1 1.1 1.1 1.1 0.8 0.8 0.8 0.7 0.7 0.7 0.7 0.7 0.7 0.8 0.8 1.1 1.1 1.1 1.1 1.1 1.1 1.1 1.1 1.1 1.1 1.1 1.1 1.1 0.8 0.8 0.8 0.7 0.7 0.7 0.7 0.7 0.7 0.8 0.8 1.1 1.1 1.1 1.1 1.1 1.1 1.1 1.1 1.1 1.1 1.1 1.1 1.1 0.8 0.8 0.8 0.7 0.7 0.7 0.7 0.7 0.7 0.8 0.8 0.8 0.8 0.8 0.8 0.8 0.8 0.8 0.8 0.8 0.8 0.8 0.8 0.8 0.8 0.8 0.8 0.7 0.7 0.7 0.7 0.7 0.7 0.8 0.8 0.8 0.8 0.8 0.8 0.8 0.8 0.8 0.8 0.8 0.8 0.8 0.8 0.8 0.8 0.8 0.8 0.7 0.7 0.7 0.7 0.7 0.7 0.8 0.8 1.1 1.1 1.1 1.1 1.1 1.1 1.1 1.1 1.1 1.1 1.1 1.1 1.1 0.8 0.8 0.8 0.7 0.7 0.7 0.7 0.7 0.7 0.8 0.8 1.1 1.1 1.1 1.1 1.1 1.1 1.1 1.1 1.1 1.1 1.1 1.1 1.1 0.8 0.8 0.8 0.7 0.7 0.7 0.7 0.7 0.7 0.8 0.8 1.1 1.1 1.1 1.1 1.1 1.1 1.1 1.1 1.1 1.1 1.1 1.1 1.1 0.8 0.8 0.8 0.7 0.7 0.7 0.7 0.7 0.7 0.8 0.8 1.1 1.1 1.1 1.1 1.1 1.1 1.1 1.1 1.1 1.1 1.1 1.1 1.1 0.8 0.8 0.8 0.7 0.7 0.7 0.7 0.7 0.7 0.8 0.8 1.1 1.1 1.1 1.1 1.1 1.1 1.1 1.1 1.1 1.1 1.1 1.1 1.1 0.8 0.8 0.8 0.7 0.7 0.7 0.7 0.7 0.7 0.8 0.8 0.8 0.8 0.8 0.8 0.8 0.8 0.8 0.8 0.8 0.8 0.8 0.8 0.8 0.8 0.8 0.8 0.7 0.7 0.7 0.7 0.7 0.7 0.8 0.8 0.8 0.8 0.8 0.8 0.8 0.8 0.8 0.8 0.8 0.8 0.8 0.8 0.8 0.8 0.8 0.8 0.7 0.7 0.7 0.7 0.7 0.7 0.8 0.8 1.1 1.1 1.1 1.1 1.1 1.1 1.1 1.1 1.1 1.1 1.1 1.1 1.1 0.8 0.8 0.8 0.7 0.7 0.7 0.7 0.7 0.7 0.8 0.8 1.1 1.1 1.1 1.1 1.1 1.1 1.1 1.1 1.1 1.1 1.1 1.1 1.1 0.8 0.8 0.8 0.7 0.7 0.7 0.7 0.7 0.7 0.8 0.8 1.1 1.1 1.1 1.1 1.1 1.1 1.1 1.1 1.1 1.1 1.1 1.1 1.1 0.8 0.8 0.8 0.7 0.7 0.7 0.7 0.7 0.7 0.8 0.8 1.1 1.1 1.1 1.1 1.1 1.1 1.1 1.1 1.1 1.1 1.1 1.1 1.1 0.8 0.8 0.8 0.7 0.7 0.7 0.7 0.7 0.7 0.8 0.8 1.1 1.1 1.1 1.1 1.1 1.1 1.1 1.1 1.1 1.1 1.1 1.1 1.1 0.8 0.8 0.8 0.7 0.7 0.7 0.7 0.7 0.7 0.8 0.8 0.8 0.8 0.8 0.8 0.8 0.8 0.8 0.8 0.8 0.8 0.8 0.8 0.8 0.8 0.8 0.8 0.7 0.7 0.7 0.7 0.7 0.7 0.8 0.8 0.8 0.8 0.8 0.8 0.8 0.8 0.8 0.8 0.8 0.8 0.8 0.8 0.8 0.8 0.8 0.8 0.7 0.7 0.7 0.7 0.7 0.7 0.8 0.8 1.1 1.1 1.1 1.1 1.1 1.1 1.1 1.1 1.1 1.1 1.1 1.1 1.1 0.8 0.8 0.8 0.7 0.7 0.7 0.7 0.7 0.7 0.8 0.8 1.1 1.1 1.1 1.1 1.1 1.1 1.1 1.1 1.1 1.1 1.1 1.1 1.1 0.8 0.8 0.8 0.7 0.7 0.7 0.7 0.7 0.7 0.8 0.8 1.1 1.1 1.1 1.1 1.1 1.1 1.1 1.1 1.1 1.1 1.1 1.1 1.1 0.8 0.8 0.8 0.7 0.7 0.7 0.7 0.7 0.7 0.8 0.8 1.1 1.1 1.1 1.1 1.1 1.1 1.1 1.1 1.1 1.1 1.1 1.1 1.1 0.8 0.8 0.8 0.7 0.7 0.7 0.7 0.7 0.7 0.8 0.8 1.1 1.1 1.1 1.1 1.1 1.1 1.1 1.1 1.1 1.1 1.1 1.1 1.1 0.8 0.8 0.8 0.7 0.7 0.7 0.7 0.7 0.7 0.8 0.8 0.8 0.8 0.8 0.8 0.8 0.8 0.8 0.8 0.8 0.8 0.8 0.8 0.8 0.8 0.8 0.8 0.7 0.7 0.7 0.7 0.7 0.7 0.8 0.8 0.8 0.8 0.8 0.8 0.8 0.8 0.8 0.8 0.8 0.8 0.8 0.8 0.8 0.8 0.8 0.8 0.7 0.7 0.7 0.7 0.7 0.7 0.8 0.8 1.1 1.1 1.1 1.1 1.1 1.1 1.1 1.1 1.1 1.1 1.1 1.1 1.1 0.8 0.8 0.8 0.7 0.7 0.7 0.7 0.7 0.7 0.8 0.8 1.1 1.1 1.1 1.1 1.1 1.1 1.1 1.1 1.1 1.1 1.1 1.1 1.1 0.8 0.8 0.8 0.7 0.7 0.7 0.7 0.7 0.7 0.8 0.8 1.1 1.1 1.1 1.1 1.1 1.1 1.1 1.1 1.1 1.1 1.1 1.1 1.1 0.8 0.8 0.8 0.7 0.7 0.7 0.7 0.7 0.7 0.8 0.8 1.1 1.1 1.1 1.1 1.1 1.1 1.1 1.1 1.1 1.1 1.1 1.1 1.1 0.8 0.8 0.8 0.7 0.7 0.7 0.7 0.7 0.7 0.8 0.8 1.1 1.1 1.1 1.1 1.1 1.1 1.1 1.1 1.1 1.1 1.1 1.1 1.1 0.8 0.8 0.8 0.7 0.7 0.7 0.7 0.7 0.7 0.8 0.8 0.8 0.8 0.8 0.8 0.8 0.8 0.8 0.8 0.8 0.8 0.8 0.8 0.8 0.8 0.8 0.8 0.7 0.7 0.7 0.7 0.7 0.7 0.8 0.8 0.8 0.8 0.8 0.8 0.8 0.8 0.8 0.8 0.8 0.8 0.8 0.8 0.8 0.8 0.8 0.8 0.7 0.7 0.7 0.7 0.7 0.7 0.8 0.8 1.1 1.1 1.1 1.1 1.1 1.1 1.1 1.1 1.1 1.1 1.1 1.1 1.1 0.8 0.8 0.8 0.7 0.7 0.7 0.7 0.7 0.7 0.8 0.8 1.1 1.1 1.1 1.1 1.1 1.1 1.1 1.1 1.1 1.1 1.1 1.1 1.1 0.8 0.8 0.8 0.7 0.7 0.7 0.7 0.7 0.7 0.8 0.8 1.1 1.1 1.1 1.1 1.1 1.1 1.1 1.1 1.1 1.1 1.1 1.1 1.1 0.8 0.8 0.8 0.7 0.7 0.7 0.7 0.7 0.7 0.8 0.8 1.1 1.1 1.1 1.1 1.1 1.1 1.1 1.1 1.1 1.1 1.1 1.1 1.1 0.8 0.8 0.8 1 1 1 1 1 1 1 1 1.2 1.2 1.2 1.2 2.064 2.064 2.064 2.064 2.064 2.064 1.2 1.2 1.2 1 1 1 1 1 1 1 1 1 1 1 1 1 1 1 1 1 1 1 1 1 1 1 1 1 1 1 1 1 1 1 1 1 1 1 1 1 1 1 1 1 1 1 1 1 1 1 1 1 1 1 1 1 1 1 1 1 1 1 1.2 1.2 1.2 1.2 2.064 2.064 2.064 2.064 2.064 2.064 1.2 1.2 1.2 1 1 1 1 1 1 1 1 1 1 1 1.2 1.2 1.2 1.2 2.064 2.064 2.064 2.064 2.064 2.064 1.2 1.2 1.2 1 1 1 1 1 1 1 1 1 1 1 1.2 1.2 1.2 1.2 2.064 2.064 2.064 2.064 2.064 2.064 1.2 1.2 1.2 1 1 1 1 1 1 1 1 1 1 1 1.2 1.2 1.2 1.2 2.064 2.064 2.064 2.064 2.064 2.064 1.2 1.2 1.2 1 1 1 1 1 1 1 1 1 1 1 1.2 1.2 1.2 1.2 2.064 2.064 2.064 2.064 2.064 2.064 1.2 1.2 1.2 1 1 1 1 1 1 1 1 1 1 1 1 1 1 1 1 1 1 1 1 1 1 1 1 1 1 1 1 1 1 1 1 1 1 1 1 1 1 1 1 1 1 1 1 1 1 1 1 1 1 1 1 1 1 1 1 1 1 1 1.2 1.2 1.2 1.2 2.064 2.064 2.064 2.064 2.064 2.064 1.2 1.2 1.2 1 1 1 1 1 1 1 1 1 1 1 1.2 1.2 1.2 1.2 2.064 2.064 2.064 2.064 2.064 2.064 1.2 1.2 1.2 1 1 1 1 1 1 1 1 1 1 1 1.2 1.2 1.2 1.2 2.064 2.064 2.064 2.064 2.064 2.064 1.2 1.2 1.2 1 1 1 1 1 1 1 1 1 1 1 1.2 1.2 1.2 1.2 2.064 2.064 2.064 2.064 2.064 2.064 1.2 1.2 1.2 1 1 1 1 1 1 1 1 1 1 1 1.2 1.2 1.2 1.2 2.064 2.064 2.064 2.064 2.064 2.064 1.2 1.2 1.2 1 1 1 1 1 1 1 1 1 1 1 1 1 1 1 1 1 1 1 1 1 1 1 1 1 1 1 1 1 1 1 1 1 1 1 1 1 1 1 1 1 1 1 1 1 1 1 1 1 1 1 1 1 1 1 1 1 1 1 1.2 1.2 1.2 1.2 2.064 2.064 2.064 2.064 2.064 2.064 1.2 1.2 1.2 1 1 1 1 1 1 1 1 1 1 1 1.2 1.2 1.2 1.2 2.064 2.064 2.064 2.064 2.064 2.064 1.2 1.2 1.2 1 1 1 1 1 1 1 1 1 1 1 1.2 1.2 1.2 1.2 2.064 2.064 2.064 2.064 2.064 2.064 1.2 1.2 1.2 1 1 1 1 1 1 1 1 1 1 1 1.2 1.2 1.2 1.2 2.064 2.064 2.064 2.064 2.064 2.064 1.2 1.2 1.2 1 1 1 1 1 1 1 1 1 1 1 1.2 1.2 1.2 1.2 2.064 2.064 2.064 2.064 2.064 2.064 1.2 1.2 1.2 1 1 1 1 1 1 1 1 1 1 1 1 1 1 1 1 1 1 1 1 1 1 1 1 1 1 1 1 1 1 1 1 1 1 1 1 1 1 1 1 1 1 1 1 1 1 1 1 1 1 1 1 1 1 1 1 1 1 1 1.2 1.2 1.2 1.2 2.064 2.064 2.064 2.064 2.064 2.064 1.2 1.2 1.2 1 1 1 1 1 1 1 1 1 1 1 1.2 1.2 1.2 1.2 2.064 2.064 2.064 2.064 2.064 2.064 1.2 1.2 1.2 1 1 1 1 1 1 1 1 1 1 1 1.2 1.2 1.2 1.2 2.064 2.064 2.064 2.064 2.064 2.064 1.2 1.2 1.2 1 1 1 1 1 1 1 1 1 1 1 1.2 1.2 1.2 1.2 2.064 2.064 2.064 2.064 2.064 2.064 1.2 1.2 1.2 1 1 1 1 1 1 1 1 1 1 1 1.2 1.2 1.2 1.2 2.064 2.064 2.064 2.064 2.064 2.064 1.2 1.2 1.2 1 1 1 1 1 1 1 1 1 1 1 1 1 1 1 1 1 1 1 1 1 1 1 1 1 1 1 1 1 1 1 1 1 1 1 1 1 1 1 1 1 1 1 1 1 1 1 1 1 1 1 1 1 1 1 1 1 1 1 1.2 1.2 1.2 1.2 2.064 2.064 2.064 2.064 2.064 2.064 1.2 1.2 1.2 1 1 1 1 1 1 1 1 1 1 1 1.2 1.2 1.2 1.2 2.064 2.064 2.064 2.064 2.064 2.064 1.2 1.2 1.2 1 1 1 1 1 1 1 1 1 1 1 1.2 1.2 1.2 1.2 2.064 2.064 2.064 2.064 2.064 2.064 1.2 1.2 1.2 1 1 1 1 1 1 1 1 1 1 1 1.2 1.2 1.2 1.2 2.064 2.064 2.064 2.064 2.064 2.064 1.2 1.2 1.2 1 1 1 1 1 1 1 1 1 1 1 1.2 1.2 1.2 1.2 2.064 2.064 2.064 2.064 2.064 2.064 1.2 1.2 1.2 1 1 1 1 1 1 1 1 1 1 1 1 1 1 1 1 1 1 1 1 1 1 1 1 1 1 1 1 1 1 1 1 1 1 1 1 1 1 1 1 1 1 1 1 1 1 1 1 1 1 1 1 1 1 1 1 1 1 1 1.2 1.2 1.2 1.2 2.064 2.064 2.064 2.064 2.064 2.064 1.2 1.2 1.2 1 1 1 1 1 1 1 1 1 1 1 1.2 1.2 1.2 1.2 2.064 2.064 2.064 2.064 2.064 2.064 1.2 1.2 1.2 1 1 1 1 1 1 1 1 1 1 1 1.2 1.2 1.2 1.2 2.064 2.064 2.064 2.064 2.064 2.064 1.2 1.2 1.2 1 1 1 1 1 1 1 1 1 1 1 1.2 1.2 1.2 1.2 2.064 2.064 2.064 2.064 2.064 2.064 1.2 1.2 1.2 1 1 1 1 1 1 1 1 1 1 1 1.2 1.2 1.2 1.2 2.064 2.064 2.064 2.064 2.064 2.064 1.2 1.2 1.2 1 1 1 1 1 1 1 1 1 1 1 1 1 1 1 1 1 1 1 1 1 1 1 1 1 1 1 1 1 1 1 1 1 1 1 1 1 1 1 1 1 1 1 1 1 1 1 1 1 1 1 1 1 1 1 1 1 1 1 1.2 1.2 1.2 1.2 2.064 2.064 2.064 2.064 2.064 2.064 1.2 1.2 1.2 1 1 1 1 1 1 1 1 1 1 1 1.2 1.2 1.2 1.2 2.064 2.064 2.064 2.064 2.064 2.064 1.2 1.2 1.2 1 1 1 1 1 1 1 1 1 1 1 1.2 1.2 1.2 1.2 2.064 2.064 2.064 2.064 2.064 2.064 1.2 1.2 1.2 1 1 1 1 1 1 1 1 1 1 1 1.2 1.2 1.2 1.2 2.064 2.064 2.064 2.064 2.064 2.064 1.2 1.2 1.2 1 1 1 1 1 1 1 1 1 1 1 1.2 1.2 1.2 1.2 2.064 2.064 2.064 2.064 2.064 2.064 1.2 1.2 1.2 1 1 1 1 1 1 1 1 1 1 1 1 1 1 1 1 1 1 1 1 1 1 1 1 1 1 1 1 1 1 1 1 1 1 1 1 1 1 1 1 1 1 1 1 1 1 1 1 1 1 1 1 1 1 1 1 1 1 1 1.2 1.2 1.2 1.2 2.064 2.064 2.064 2.064 2.064 2.064 1.2 1.2 1.2 1 1 1 1 1 1 1 1 1 1 1 1.2 1.2 1.2 1.2 2.064 2.064 2.064 2.064 2.064 2.064 1.2 1.2 1.2 1 1 1 1 1 1 1 1 1 1 1 1.2 1.2 1.2 1.2 2.064 2.064 2.064 2.064 2.064 2.064 1.2 1.2 1.2 1 1 1 1 1 1 1 1 1 1 1 1.2 1.2 1.2 1.2 2.064 2.064 2.064 2.064 2.064 2.064 1.2 1.2 1.2 1 1 1 1 1 1 1 1 1 1 1 1.2 1.2 1.2 1.2 2.064 2.064 2.064 2.064 2.064 2.064 1.2 1.2 1.2 1 1 1 1 1 1 1 1 1 1 1 1 1 1 1 1 1 1 1 1 1 1 1 1 1 1 1 1 1 1 1 1 1 1 1 1 1 1 1 1 1 1 1 1 1 1 1 1 1 1 1 1 1 1 1 1 1 1 1 1.2 1.2 1.2 1.2 2.064 2.064 2.064 2.064 2.064 2.064 1.2 1.2 1.2 1 1 1 1 1 1 1 1 1 1 1 1.2 1.2 1.2 1.2 2.064 2.064 2.064 2.064 2.064 2.064 1.2 1.2 1.2 1 1 1 1 1 1 1 1 1 1 1 1.2 1.2 1.2 1.2 2.064 2.064 2.064 2.064 2.064 2.064 1.2 1.2 1.2 1 1 1 1 1 1 1 1 1 1 1 1.2 1.2 1.2 1.2 2.064 2.064 2.064 2.064 2.064 2.064 1.2 1.2 1.2 1 1 1 1 1 1 1 1 1 1 1 1.2 1.2 1.2 1.2 2.064 2.064 2.064 2.064 2.064 2.064 1.2 1.2 1.2 1 1 1 1 1 1 1 1 1 1 1 1 1 1 1 1 1 1 1 1 1 1 1 1 1 1 1 1 1 1 1 1 1 1 1 1 1 1 1 1 1 1 1 1 1 1 1 1 1 1 1 1 1 1 1 1 1 1 1 1.2 1.2 1.2 1.2 2.064 2.064 2.064 2.064 2.064 2.064 1.2 1.2 1.2 1 1 1 1 1 1 1 1 1 1 1 1.2 1.2 1.2 1.2 2.064 2.064 2.064 2.064 2.064 2.064 1.2 1.2 1.2 1 1 1 1 1 1 1 1 1 1 1 1.2 1.2 1.2 1.2 2.064 2.064 2.064 2.064 2.064 2.064 1.2 1.2 1.2 1 1 1 1 1 1 1 1 1 1 1 1.2 1.2 1.2 1.2 2.064 2.064 2.064 2.064 2.064 2.064 1.2 1.2 1.2 1 1 1 1 1 1 1 1 1 1 1 1.2 1.2 1.2 1.2 2.064 2.064 2.064 2.064 2.064 2.064 1.2 1.2 1.2 1 1 1 1 1 1 1 1 1 1 1 1 1 1 1 1 1 1 1 1 1 1 1 1 1 1 1 1 1 1 1 1 1 1 1 1 1 1 1 1 1 1 1 1 1 1 1 1 1 1 1 1 1 1 1 1 1 1 1 1.2 1.2 1.2 1.2 2.064 2.064 2.064 2.064 2.064 2.064 1.2 1.2 1.2 1 1 1 1 1 1 1 1 1 1 1 1.2 1.2 1.2 1.2 2.064 2.064 2.064 2.064 2.064 2.064 1.2 1.2 1.2 1 1 1 1 1 1 1 1 1 1 1 1.2 1.2 1.2 1.2 2.064 2.064 2.064 2.064 2.064 2.064 1.2 1.2 1.2 1 1 1 1 1 1 1 1 1 1 1 1.2 1.2 1.2 1.2 2.064 2.064 2.064 2.064 2.064 2.064 1.2 1.2 1.2 1 1 1 1 1 1 1 1 1 1 1 1.2 1.2 1.2 1.2 2.064 2.064 2.064 2.064 2.064 2.064 1.2 1.2 1.2 1 1 1 1 1 1 1 1 1 1 1 1 1 1 1 1 1 1 1 1 1 1 1 1 1 1 1 1 1 1 1 1 1 1 1 1 1 1 1 1 1 1 1 1 1 1 1 1 1 1 1 1 1 1 1 1 1 1 1 1.2 1.2 1.2 1.2 2.064 2.064 2.064 2.064 2.064 2.064 1.2 1.2 1.2 1 1 1 1 1 1 1 1 1 1 1 1.2 1.2 1.2 1.2 2.064 2.064 2.064 2.064 2.064 2.064 1.2 1.2 1.2 1 1 1 1 1 1 1 1 1 1 1 1.2 1.2 1.2 1.2 2.064 2.064 2.064 2.064 2.064 2.064 1.2 1.2 1.2 1 1 1 1 1 1 1 1 1 1 1 1.2 1.2 1.2 1.2 2.064 2.064 2.064 2.064 2.064 2.064 1.2 1.2 1.2 1 1 1 1 1 1 1 1 1 1 1 1.2 1.2 1.2 1.2 2.064 2.064 2.064 2.064 2.064 2.064 1.2 1.2 1.2 1 1 1 1 1 1 1 1 1 1 1 1 1 1 1 1 1 1 1 1 1 1 1 1 1 1 1 1 1 1 1 1 1 1 1 1 1 1 1 1 1 1 1 1 1 1 1 1 1 1 1 1 1 1 1 1 1 1 1 1.2 1.2 1.2 1.2 2.064 2.064 2.064 2.064 2.064 2.064 1.2 1.2 1.2 1 1 1 1 1 1 1 1 1 1 1 1.2 1.2 1.2 1.2 2.064 2.064 2.064 2.064 2.064 2.064 1.2 1.2 1.2 1 1 1 1 1 1 1 1 1 1 1 1.2 1.2 1.2 1.2 2.064 2.064 2.064 2.064 2.064 2.064 1.2 1.2 1.2 1 1 1 1 1 1 1 1 1 1 1 1.2 1.2 1.2 1.2 2.064 2.064 2.064 2.064 2.064 2.064 1.2 1.2 1.2 1 1 1 1 1 1 1 1 1 1 1 1.2 1.2 1.2 1.2 2.064 2.064 2.064 2.064 2.064 2.064 1.2 1.2 1.2 1 1 1 1 1 1 1 1 1 1 1 1 1 1 1 1 1 1 1 1 1 1 1 1 1 1 1 1 1 1 1 1 1 1 1 1 1 1 1 1 1 1 1 1 1 1 1 1 1 1 1 1 1 1 1 1 1 1 1 1.2 1.2 1.2 1.2 2.064 2.064 2.064 2.064 2.064 2.064 1.2 1.2 1.2 1 1 1 1 1 1 1 1 1 1 1 1.2 1.2 1.2 1.2 2.064 2.064 2.064 2.064 2.064 2.064 1.2 1.2 1.2 1 1 1 1 1 1 1 1 1 1 1 1.2 1.2 1.2 1.2 2.064 2.064 2.064 2.064 2.064 2.064 1.2 1.2 1.2 1 1 1 1 1 1 1 1 1 1 1 1.2 1.2 1.2 1.2 2.064 2.064 2.064 2.064 2.064 2.064 1.2 1.2 1.2 1 1 1 1 1 1 1 1 1 1 1 1.2 1.2 1.2 1.2 2.064 2.064 2.064 2.064 2.064 2.064 1.2 1.2 1.2 1 1 1 1 1 1 1 1 1 1 1 1 1 1 1 1 1 1 1 1 1 1 1 1 1 1 1 1 1 1 1 1 1 1 1 1 1 1 1 1 1 1 1 1 1 1 1 1 1 1 1 1 1 1 1 1 1 1 1 1.2 1.2 1.2 1.2 2.064 2.064 2.064 2.064 2.064 2.064 1.2 1.2 1.2 1 1 1 1 1 1 1 1 1 1 1 1.2 1.2 1.2 1.2 2.064 2.064 2.064 2.064 2.064 2.064 1.2 1.2 1.2 1 1 1 1 1 1 1 1 1 1 1 1.2 1.2 1.2 1.2 2.064 2.064 2.064 2.064 2.064 2.064 1.2 1.2 1.2 1 1 1 1 1 1 1 1 1 1 1 1.2 1.2 1.2 1.2 2.064 2.064 2.064 2.064 2.064 2.064 1.2 1.2 1.2 1 1 1 1 1 1 1 1 1 1 1 1.2 1.2 1.2 1.2 2.064 2.064 2.064 2.064 2.064 2.064 1.2 1.2 1.2 1 1 1 1 1 1 1 1 1 1 1 1 1 1 1 1 1 1 1 1 1 1 1 1 1 1 1 1 1 1 1 1 1 1 1 1 1 1 1 1 1 1 1 1 1 1 1 1 1 1 1 1 1 1 1 1 1 1 1 1.2 1.2 1.2 1.2 2.064 2.064 2.064 2.064 2.064 2.064 1.2 1.2 1.2 1 1 1 1 1 1 1 1 1 1 1 1.2 1.2 1.2 1.2 2.064 2.064 2.064 2.064 2.064 2.064 1.2 1.2 1.2 1 1 1 1 1 1 1 1 1 1 1 1.2 1.2 1.2 1.2 2.064 2.064 2.064 2.064 2.064 2.064 1.2 1.2 1.2 1 1 1 1 1 1 1 1 1 1 1 1.2 1.2 1.2 1.2 2.064 2.064 2.064 2.064 2.064 2.064 1.2 1.2 1.2 1 1 1 1 1 1 1 1 1 1 1 1.2 1.2 1.2 1.2 2.064 2.064 2.064 2.064 2.064 2.064 1.2 1.2 1.2 1 1 1 1 1 1 1 1 1 1 1 1 1 1 1 1 1 1 1 1 1 1 1 1 1 1 1 1 1 1 1 1 1 1 1 1 1 1 1 1 1 1 1 1 1 1 1 1 1 1 1 1 1 1 1 1 1 1 1 1.2 1.2 1.2 1.2 2.064 2.064 2.064 2.064 2.064 2.064 1.2 1.2 1.2 1 1 1 1 1 1 1 1 1 1 1 1.2 1.2 1.2 1.2 2.064 2.064 2.064 2.064 2.064 2.064 1.2 1.2 1.2 1 1 1 1 1 1 1 1 1 1 1 1.2 1.2 1.2 1.2 2.064 2.064 2.064 2.064 2.064 2.064 1.2 1.2 1.2 1 1 1 1 1 1 1 1 1 1 1 1.2 1.2 1.2 1.2 2.064 2.064 2.064 2.064 2.064 2.064 1.2 1.2 1.2 1 1 1 1 1 1 1 1 1 1 1 1.2 1.2 1.2 1.2 2.064 2.064 2.064 2.064 2.064 2.064 1.2 1.2 1.2 1 1 1 1 1 1 1 1 1 1 1 1 1 1 1 1 1 1 1 1 1 1 1 1 1 1 1 1 1 1 1 1 1 1 1 1 1 1 1 1 1 1 1 1 1 1 1 1 1 1 1 0.7 0.7 0.7 0.7 0.7 0.7 0.8 0.8 1.1 1.1 1.1 1.1 1.1 1.1 1.1 1.1 1.1 1.1 1.1 1.1 1.1 0.8 0.8 0.8 0.7 0.7 0.7 0.7 0.7 0.7 0.8 0.8 1.1 1.1 1.1 1.1 1.1 1.1 1.1 1.1 1.1 1.1 1.1 1.1 1.1 0.8 0.8 0.8 0.7 0.7 0.7 0.7 0.7 0.7 0.8 0.8 1.1 1.1 1.1 1.1 1.1 1.1 1.1 1.1 1.1 1.1 1.1 1.1 1.1 0.8 0.8 0.8 0.7 0.7 0.7 0.7 0.7 0.7 0.8 0.8 1.1 1.1 1.1 1.1 1.1 1.1 1.1 1.1 1.1 1.1 1.1 1.1 1.1 0.8 0.8 0.8 0.7 0.7 0.7 0.7 0.7 0.7 0.8 0.8 1.1 1.1 1.1 1.1 1.1 1.1 1.1 1.1 1.1 1.1 1.1 1.1 1.1 0.8 0.8 0.8 0.7 0.7 0.7 0.7 0.7 0.7 0.8 0.8 0.8 0.8 0.8 0.8 0.8 0.8 0.8 0.8 0.8 0.8 0.8 0.8 0.8 0.8 0.8 0.8 0.7 0.7 0.7 0.7 0.7 0.7 0.8 0.8 0.8 0.8 0.8 0.8 0.8 0.8 0.8 0.8 0.8 0.8 0.8 0.8 0.8 0.8 0.8 0.8 0.7 0.7 0.7 0.7 0.7 0.7 0.8 0.8 1.1 1.1 1.1 1.1 1.1 1.1 1.1 1.1 1.1 1.1 1.1 1.1 1.1 0.8 0.8 0.8 0.7 0.7 0.7 0.7 0.7 0.7 0.8 0.8 1.1 1.1 1.1 1.1 1.1 1.1 1.1 1.1 1.1 1.1 1.1 1.1 1.1 0.8 0.8 0.8 0.7 0.7 0.7 0.7 0.7 0.7 0.8 0.8 1.1 1.1 1.1 1.1 1.1 1.1 1.1 1.1 1.1 1.1 1.1 1.1 1.1 0.8 0.8 0.8 0.7 0.7 0.7 0.7 0.7 0.7 0.8 0.8 1.1 1.1 1.1 1.1 1.1 1.1 1.1 1.1 1.1 1.1 1.1 1.1 1.1 0.8 0.8 0.8 0.7 0.7 0.7 0.7 0.7 0.7 0.8 0.8 1.1 1.1 1.1 1.1 1.1 1.1 1.1 1.1 1.1 1.1 1.1 1.1 1.1 0.8 0.8 0.8 0.7 0.7 0.7 0.7 0.7 0.7 0.8 0.8 0.8 0.8 0.8 0.8 0.8 0.8 0.8 0.8 0.8 0.8 0.8 0.8 0.8 0.8 0.8 0.8 0.7 0.7 0.7 0.7 0.7 0.7 0.8 0.8 0.8 0.8 0.8 0.8 0.8 0.8 0.8 0.8 0.8 0.8 0.8 0.8 0.8 0.8 0.8 0.8 0.7 0.7 0.7 0.7 0.7 0.7 0.8 0.8 1.1 1.1 1.1 1.1 1.1 1.1 1.1 1.1 1.1 1.1 1.1 1.1 1.1 0.8 0.8 0.8 0.7 0.7 0.7 0.7 0.7 0.7 0.8 0.8 1.1 1.1 1.1 1.1 1.1 1.1 1.1 1.1 1.1 1.1 1.1 1.1 1.1 0.8 0.8 0.8 0.7 0.7 0.7 0.7 0.7 0.7 0.8 0.8 1.1 1.1 1.1 1.1 1.1 1.1 1.1 1.1 1.1 1.1 1.1 1.1 1.1 0.8 0.8 0.8 0.7 0.7 0.7 0.7 0.7 0.7 0.8 0.8 1.1 1.1 1.1 1.1 1.1 1.1 1.1 1.1 1.1 1.1 1.1 1.1 1.1 0.8 0.8 0.8 0.7 0.7 0.7 0.7 0.7 0.7 0.8 0.8 1.1 1.1 1.1 1.1 1.1 1.1 1.1 1.1 1.1 1.1 1.1 1.1 1.1 0.8 0.8 0.8 0.7 0.7 0.7 0.7 0.7 0.7 0.8 0.8 0.8 0.8 0.8 0.8 0.8 0.8 0.8 0.8 0.8 0.8 0.8 0.8 0.8 0.8 0.8 0.8 0.7 0.7 0.7 0.7 0.7 0.7 0.8 0.8 0.8 0.8 0.8 0.8 0.8 0.8 0.8 0.8 0.8 0.8 0.8 0.8 0.8 0.8 0.8 0.8 0.7 0.7 0.7 0.7 0.7 0.7 0.8 0.8 1.1 1.1 1.1 1.1 1.1 1.1 1.1 1.1 1.1 1.1 1.1 1.1 1.1 0.8 0.8 0.8 0.7 0.7 0.7 0.7 0.7 0.7 0.8 0.8 1.1 1.1 1.1 1.1 1.1 1.1 1.1 1.1 1.1 1.1 1.1 1.1 1.1 0.8 0.8 0.8 0.7 0.7 0.7 0.7 0.7 0.7 0.8 0.8 1.1 1.1 1.1 1.1 1.1 1.1 1.1 1.1 1.1 1.1 1.1 1.1 1.1 0.8 0.8 0.8 0.7 0.7 0.7 0.7 0.7 0.7 0.8 0.8 1.1 1.1 1.1 1.1 1.1 1.1 1.1 1.1 1.1 1.1 1.1 1.1 1.1 0.8 0.8 0.8 0.7 0.7 0.7 0.7 0.7 0.7 0.8 0.8 1.1 1.1 1.1 1.1 1.1 1.1 1.1 1.1 1.1 1.1 1.1 1.1 1.1 0.8 0.8 0.8 0.7 0.7 0.7 0.7 0.7 0.7 0.8 0.8 0.8 0.8 0.8 0.8 0.8 0.8 0.8 0.8 0.8 0.8 0.8 0.8 0.8 0.8 0.8 0.8 0.7 0.7 0.7 0.7 0.7 0.7 0.8 0.8 0.8 0.8 0.8 0.8 0.8 0.8 0.8 0.8 0.8 0.8 0.8 0.8 0.8 0.8 0.8 0.8 0.7 0.7 0.7 0.7 0.7 0.7 0.8 0.8 1.1 1.1 1.1 1.1 1.1 1.1 1.1 1.1 1.1 1.1 1.1 1.1 1.1 0.8 0.8 0.8 0.7 0.7 0.7 0.7 0.7 0.7 0.8 0.8 1.1 1.1 1.1 1.1 1.1 1.1 1.1 1.1 1.1 1.1 1.1 1.1 1.1 0.8 0.8 0.8 0.7 0.7 0.7 0.7 0.7 0.7 0.8 0.8 1.1 1.1 1.1 1.1 1.1 1.1 1.1 1.1 1.1 1.1 1.1 1.1 1.1 0.8 0.8 0.8 0.7 0.7 0.7 0.7 0.7 0.7 0.8 0.8 1.1 1.1 1.1 1.1 1.1 1.1 1.1 1.1 1.1 1.1 1.1 1.1 1.1 0.8 0.8 0.8 0.7 0.7 0.7 0.7 0.7 0.7 0.8 0.8 1.1 1.1 1.1 1.1 1.1 1.1 1.1 1.1 1.1 1.1 1.1 1.1 1.1 0.8 0.8 0.8 0.7 0.7 0.7 0.7 0.7 0.7 0.8 0.8 0.8 0.8 0.8 0.8 0.8 0.8 0.8 0.8 0.8 0.8 0.8 0.8 0.8 0.8 0.8 0.8 0.7 0.7 0.7 0.7 0.7 0.7 0.8 0.8 0.8 0.8 0.8 0.8 0.8 0.8 0.8 0.8 0.8 0.8 0.8 0.8 0.8 0.8 0.8 0.8 0.7 0.7 0.7 0.7 0.7 0.7 0.8 0.8 1.1 1.1 1.1 1.1 1.1 1.1 1.1 1.1 1.1 1.1 1.1 1.1 1.1 0.8 0.8 0.8 0.7 0.7 0.7 0.7 0.7 0.7 0.8 0.8 1.1 1.1 1.1 1.1 1.1 1.1 1.1 1.1 1.1 1.1 1.1 1.1 1.1 0.8 0.8 0.8 0.7 0.7 0.7 0.7 0.7 0.7 0.8 0.8 1.1 1.1 1.1 1.1 1.1 1.1 1.1 1.1 1.1 1.1 1.1 1.1 1.1 0.8 0.8 0.8 0.7 0.7 0.7 0.7 0.7 0.7 0.8 0.8 1.1 1.1 1.1 1.1 1.1 1.1 1.1 1.1 1.1 1.1 1.1 1.1 1.1 0.8 0.8 0.8 0.7 0.7 0.7 0.7 0.7 0.7 0.8 0.8 1.1 1.1 1.1 1.1 1.1 1.1 1.1 1.1 1.1 1.1 1.1 1.1 1.1 0.8 0.8 0.8 0.7 0.7 0.7 0.7 0.7 0.7 0.8 0.8 0.8 0.8 0.8 0.8 0.8 0.8 0.8 0.8 0.8 0.8 0.8 0.8 0.8 0.8 0.8 0.8 0.7 0.7 0.7 0.7 0.7 0.7 0.8 0.8 0.8 0.8 0.8 0.8 0.8 0.8 0.8 0.8 0.8 0.8 0.8 0.8 0.8 0.8 0.8 0.8 0.7 0.7 0.7 0.7 0.7 0.7 0.8 0.8 1.1 1.1 1.1 1.1 1.1 1.1 1.1 1.1 1.1 1.1 1.1 1.1 1.1 0.8 0.8 0.8 0.7 0.7 0.7 0.7 0.7 0.7 0.8 0.8 1.1 1.1 1.1 1.1 1.1 1.1 1.1 1.1 1.1 1.1 1.1 1.1 1.1 0.8 0.8 0.8 0.7 0.7 0.7 0.7 0.7 0.7 0.8 0.8 1.1 1.1 1.1 1.1 1.1 1.1 1.1 1.1 1.1 1.1 1.1 1.1 1.1 0.8 0.8 0.8 0.7 0.7 0.7 0.7 0.7 0.7 0.8 0.8 1.1 1.1 1.1 1.1 1.1 1.1 1.1 1.1 1.1 1.1 1.1 1.1 1.1 0.8 0.8 0.8 0.7 0.7 0.7 0.7 0.7 0.7 0.8 0.8 1.1 1.1 1.1 1.1 1.1 1.1 1.1 1.1 1.1 1.1 1.1 1.1 1.1 0.8 0.8 0.8 0.7 0.7 0.7 0.7 0.7 0.7 0.8 0.8 0.8 0.8 0.8 0.8 0.8 0.8 0.8 0.8 0.8 0.8 0.8 0.8 0.8 0.8 0.8 0.8 0.7 0.7 0.7 0.7 0.7 0.7 0.8 0.8 0.8 0.8 0.8 0.8 0.8 0.8 0.8 0.8 0.8 0.8 0.8 0.8 0.8 0.8 0.8 0.8 0.7 0.7 0.7 0.7 0.7 0.7 0.8 0.8 1.1 1.1 1.1 1.1 1.1 1.1 1.1 1.1 1.1 1.1 1.1 1.1 1.1 0.8 0.8 0.8 0.7 0.7 0.7 0.7 0.7 0.7 0.8 0.8 1.1 1.1 1.1 1.1 1.1 1.1 1.1 1.1 1.1 1.1 1.1 1.1 1.1 0.8 0.8 0.8 0.7 0.7 0.7 0.7 0.7 0.7 0.8 0.8 1.1 1.1 1.1 1.1 1.1 1.1 1.1 1.1 1.1 1.1 1.1 1.1 1.1 0.8 0.8 0.8 0.7 0.7 0.7 0.7 0.7 0.7 0.8 0.8 1.1 1.1 1.1 1.1 1.1 1.1 1.1 1.1 1.1 1.1 1.1 1.1 1.1 0.8 0.8 0.8 0.7 0.7 0.7 0.7 0.7 0.7 0.8 0.8 1.1 1.1 1.1 1.1 1.1 1.1 1.1 1.1 1.1 1.1 1.1 1.1 1.1 0.8 0.8 0.8 0.7 0.7 0.7 0.7 0.7 0.7 0.8 0.8 0.8 0.8 0.8 0.8 0.8 0.8 0.8 0.8 0.8 0.8 0.8 0.8 0.8 0.8 0.8 0.8 0.7 0.7 0.7 0.7 0.7 0.7 0.8 0.8 0.8 0.8 0.8 0.8 0.8 0.8 0.8 0.8 0.8 0.8 0.8 0.8 0.8 0.8 0.8 0.8 0.7 0.7 0.7 0.7 0.7 0.7 0.8 0.8 1.1 1.1 1.1 1.1 1.1 1.1 1.1 1.1 1.1 1.1 1.1 1.1 1.1 0.8 0.8 0.8 0.7 0.7 0.7 0.7 0.7 0.7 0.8 0.8 1.1 1.1 1.1 1.1 1.1 1.1 1.1 1.1 1.1 1.1 1.1 1.1 1.1 0.8 0.8 0.8 0.7 0.7 0.7 0.7 0.7 0.7 0.8 0.8 1.1 1.1 1.1 1.1 1.1 1.1 1.1 1.1 1.1 1.1 1.1 1.1 1.1 0.8 0.8 0.8 0.7 0.7 0.7 0.7 0.7 0.7 0.8 0.8 1.1 1.1 1.1 1.1 1.1 1.1 1.1 1.1 1.1 1.1 1.1 1.1 1.1 0.8 0.8 0.8 0.7 0.7 0.7 0.7 0.7 0.7 0.8 0.8 1.1 1.1 1.1 1.1 1.1 1.1 1.1 1.1 1.1 1.1 1.1 1.1 1.1 0.8 0.8 0.8 0.7 0.7 0.7 0.7 0.7 0.7 0.8 0.8 0.8 0.8 0.8 0.8 0.8 0.8 0.8 0.8 0.8 0.8 0.8 0.8 0.8 0.8 0.8 0.8 0.7 0.7 0.7 0.7 0.7 0.7 0.8 0.8 0.8 0.8 0.8 0.8 0.8 0.8 0.8 0.8 0.8 0.8 0.8 0.8 0.8 0.8 0.8 0.8 0.7 0.7 0.7 0.7 0.7 0.7 0.8 0.8 1.1 1.1 1.1 1.1 1.1 1.1 1.1 1.1 1.1 1.1 1.1 1.1 1.1 0.8 0.8 0.8 0.7 0.7 0.7 0.7 0.7 0.7 0.8 0.8 1.1 1.1 1.1 1.1 1.1 1.1 1.1 1.1 1.1 1.1 1.1 1.1 1.1 0.8 0.8 0.8 0.7 0.7 0.7 0.7 0.7 0.7 0.8 0.8 1.1 1.1 1.1 1.1 1.1 1.1 1.1 1.1 1.1 1.1 1.1 1.1 1.1 0.8 0.8 0.8 0.7 0.7 0.7 0.7 0.7 0.7 0.8 0.8 1.1 1.1 1.1 

dispatch_sched_weekday
1
3
12
24
6 6 6 6 6 6 5 5 5 5 5 5 5 5 5 4 4 4 4 4 4 6 6 6 
6 6 6 6 6 6 5 5 5 5 5 5 5 5 5 4 4 4 4 4 4 6 6 6 
6 6 6 6 6 6 5 5 5 5 5 5 5 5 5 4 4 4 4 4 4 6 6 6 
9 9 9 9 9 9 8 8 8 8 8 8 8 8 8 7 7 7 7 7 7 8 8 8 
9 9 9 9 9 9 8 8 8 8 8 8 8 8 8 7 7 7 7 7 7 8 8 8 
9 9 9 9 9 9 8 8 8 8 8 8 8 8 8 7 7 7 7 7 7 8 8 8 
3 3 3 3 3 3 2 2 2 2 2 2 2 2 2 1 1 1 1 1 1 3 3 3 
3 3 3 3 3 3 2 2 2 2 2 2 2 2 2 1 1 1 1 1 1 3 3 3 
3 3 3 3 3 3 2 2 2 2 2 2 2 2 2 1 1 1 1 1 1 3 3 3 
6 6 6 6 6 6 5 5 5 5 5 5 5 5 5 4 4 4 4 4 4 6 6 6 
6 6 6 6 6 6 5 5 5 5 5 5 5 5 5 4 4 4 4 4 4 6 6 6 
6 6 6 6 6 6 5 5 5 5 5 5 5 5 5 4 4 4 4 4 4 6 6 6 

dispatch_sched_weekend
1
3
12
24
6 6 6 6 6 6 5 5 5 5 5 5 5 5 5 4 4 4 4 4 4 6 6 6 
6 6 6 6 6 6 5 5 5 5 5 5 5 5 5 4 4 4 4 4 4 6 6 6 
6 6 6 6 6 6 5 5 5 5 5 5 5 5 5 4 4 4 4 4 4 6 6 6 
9 9 9 9 9 9 8 8 8 8 8 8 8 8 8 7 7 7 7 7 7 8 8 8 
9 9 9 9 9 9 8 8 8 8 8 8 8 8 8 7 7 7 7 7 7 8 8 8 
9 9 9 9 9 9 8 8 8 8 8 8 8 8 8 7 7 7 7 7 7 8 8 8 
3 3 3 3 3 3 2 2 2 2 2 2 2 2 2 1 1 1 1 1 1 3 3 3 
3 3 3 3 3 3 2 2 2 2 2 2 2 2 2 1 1 1 1 1 1 3 3 3 
3 3 3 3 3 3 2 2 2 2 2 2 2 2 2 1 1 1 1 1 1 3 3 3 
6 6 6 6 6 6 5 5 5 5 5 5 5 5 5 4 4 4 4 4 4 6 6 6 
6 6 6 6 6 6 5 5 5 5 5 5 5 5 5 4 4 4 4 4 4 6 6 6 
6 6 6 6 6 6 5 5 5 5 5 5 5 5 5 4 4 4 4 4 4 6 6 6 

dispatch_tod_factors
1
2
1
9
1.4514 0.8317 1.0144 1.2855 0.8312 1.0092 1.1327 0.7036 0.9977 

dscr
1
1
1
1
0
dscr_reserve_months
1
1
1
1
0
elev
1
1
1
1
561
epc_cost_fixed
1
1
1
1
0
epc_cost_per_watt
1
1
1
1
0
epc_cost_perc_of_direct
1
1
1
1
15
equip1_reserve_cost
1
1
1
1
0
equip1_reserve_freq
1
1
1
1
0
equip2_reserve_cost
1
1
1
1
0
equip2_reserve_freq
1
1
1
1
0
equip3_reserve_cost
1
1
1
1
0
equip3_reserve_freq
1
1
1
1
0
equip_reserve_depr_fed
1
1
1
1
0
equip_reserve_depr_sta
1
1
1
1
0
etes_hot_htf_type_dd
1
1
1
1
0
federal_tax_rate
1
2
1
1
0
field_fl_props
1
3
1
9
1 7 0 0 0 0 0 0 0 

file_name
1
4
49
daggett_ca_34.865371_-116.783023_psmv3_60_tmy.csv
flip_target_percent
1
1
1
1
10
flip_target_year
1
1
1
1
10
grid_curtailment_price
1
2
1
1
0
grid_curtailment_price_esc
1
1
1
1
0
gross_net_conversion_factor
1
1
1
1
0.9
h_tank
1
1
1
1
20.9065
h_tank_min
1
1
1
1
1
heater_mult
1
1
1
1
1.9
heater_spec_cost
1
1
1
1
100
hot_htf_code
1
1
1
1
17
hot_tank_Thtr
1
1
1
1
500
hot_tank_max_heat
1
1
1
1
30
ibi_fed_amount
1
1
1
1
0
ibi_fed_amount_deprbas_fed
1
1
1
1
0
ibi_fed_amount_deprbas_sta
1
1
1
1
0
ibi_fed_amount_tax_fed
1
1
1
1
1
ibi_fed_amount_tax_sta
1
1
1
1
1
ibi_fed_percent
1
1
1
1
0
ibi_fed_percent_deprbas_fed
1
1
1
1
0
ibi_fed_percent_deprbas_sta
1
1
1
1
0
ibi_fed_percent_maxvalue
1
1
1
1
0
ibi_fed_percent_tax_fed
1
1
1
1
1
ibi_fed_percent_tax_sta
1
1
1
1
1
ibi_oth_amount
1
1
1
1
0
ibi_oth_amount_deprbas_fed
1
1
1
1
0
ibi_oth_amount_deprbas_sta
1
1
1
1
0
ibi_oth_amount_tax_fed
1
1
1
1
1
ibi_oth_amount_tax_sta
1
1
1
1
1
ibi_oth_percent
1
1
1
1
0
ibi_oth_percent_deprbas_fed
1
1
1
1
0
ibi_oth_percent_deprbas_sta
1
1
1
1
0
ibi_oth_percent_maxvalue
1
1
1
1
0
ibi_oth_percent_tax_fed
1
1
1
1
1
ibi_oth_percent_tax_sta
1
1
1
1
1
ibi_sta_amount
1
1
1
1
0
ibi_sta_amount_deprbas_fed
1
1
1
1
0
ibi_sta_amount_deprbas_sta
1
1
1
1
0
ibi_sta_amount_tax_fed
1
1
1
1
1
ibi_sta_amount_tax_sta
1
1
1
1
1
ibi_sta_percent
1
1
1
1
0
ibi_sta_percent_deprbas_fed
1
1
1
1
0
ibi_sta_percent_deprbas_sta
1
1
1
1
0
ibi_sta_percent_maxvalue
1
1
1
1
0
ibi_sta_percent_tax_fed
1
1
1
1
1
ibi_sta_percent_tax_sta
1
1
1
1
1
ibi_uti_amount
1
1
1
1
0
ibi_uti_amount_deprbas_fed
1
1
1
1
0
ibi_uti_amount_deprbas_sta
1
1
1
1
0
ibi_uti_amount_tax_fed
1
1
1
1
1
ibi_uti_amount_tax_sta
1
1
1
1
1
ibi_uti_percent
1
1
1
1
0
ibi_uti_percent_deprbas_fed
1
1
1
1
0
ibi_uti_percent_deprbas_sta
1
1
1
1
0
ibi_uti_percent_maxvalue
1
1
1
1
0
ibi_uti_percent_tax_fed
1
1
1
1
1
ibi_uti_percent_tax_sta
1
1
1
1
1
in_location
1
4
67
Type a location name, street address, or lat,lon in decimal degrees
in_location_list
1
4
74
15458 Denver W Pkwy, Golden CO 804041|phoenix,az|45.5,-120.9|Manaus,Brazil
in_location_options
1
1
1
1
0
in_nsrdb_options
1
1
1
1
0
in_time_step
1
1
1
1
0
inflation_rate
1
1
1
1
2.5
insurance_rate
1
1
1
1
1
is_advanced
1
1
1
1
0
is_dispatch
1
1
1
1
0
itc_fed_amount
1
1
1
1
0
itc_fed_amount_deprbas_fed
1
1
1
1
1
itc_fed_amount_deprbas_sta
1
1
1
1
1
itc_fed_percent
1
1
1
1
30
itc_fed_percent_deprbas_fed
1
1
1
1
1
itc_fed_percent_deprbas_sta
1
1
1
1
1
itc_fed_percent_maxvalue
1
1
1
1
1
itc_sta_amount
1
1
1
1
0
itc_sta_amount_deprbas_fed
1
1
1
1
0
itc_sta_amount_deprbas_sta
1
1
1
1
0
itc_sta_percent
1
1
1
1
0
itc_sta_percent_deprbas_fed
1
1
1
1
0
itc_sta_percent_deprbas_sta
1
1
1
1
0
itc_sta_percent_maxvalue
1
1
1
1
1
land_cost_fixed
1
1
1
1
0
land_cost_per_watt
1
1
1
1
0
land_cost_perc_of_direct
1
1
1
1
0
lat
1
1
1
1
34.85
lib_dispatch_factor1
1
1
1
1
1.4514
lib_dispatch_factor2
1
1
1
1
0.8317
lib_dispatch_factor3
1
1
1
1
1.0144
lib_dispatch_factor4
1
1
1
1
1.2855
lib_dispatch_factor5
1
1
1
1
0.8312
lib_dispatch_factor6
1
1
1
1
1.0092
lib_dispatch_factor7
1
1
1
1
1.1327
lib_dispatch_factor8
1
1
1
1
0.7036
lib_dispatch_factor9
1
1
1
1
0.9977
lib_dispatch_sched_weekday
1
3
12
24
6 6 6 6 6 6 5 5 5 5 5 5 5 5 5 4 4 4 4 4 4 6 6 6 
6 6 6 6 6 6 5 5 5 5 5 5 5 5 5 4 4 4 4 4 4 6 6 6 
6 6 6 6 6 6 5 5 5 5 5 5 5 5 5 4 4 4 4 4 4 6 6 6 
9 9 9 9 9 9 8 8 8 8 8 8 8 8 8 7 7 7 7 7 7 8 8 8 
9 9 9 9 9 9 8 8 8 8 8 8 8 8 8 7 7 7 7 7 7 8 8 8 
9 9 9 9 9 9 8 8 8 8 8 8 8 8 8 7 7 7 7 7 7 8 8 8 
3 3 3 3 3 3 2 2 2 2 2 2 2 2 2 1 1 1 1 1 1 3 3 3 
3 3 3 3 3 3 2 2 2 2 2 2 2 2 2 1 1 1 1 1 1 3 3 3 
3 3 3 3 3 3 2 2 2 2 2 2 2 2 2 1 1 1 1 1 1 3 3 3 
6 6 6 6 6 6 5 5 5 5 5 5 5 5 5 4 4 4 4 4 4 6 6 6 
6 6 6 6 6 6 5 5 5 5 5 5 5 5 5 4 4 4 4 4 4 6 6 6 
6 6 6 6 6 6 5 5 5 5 5 5 5 5 5 4 4 4 4 4 4 6 6 6 

lib_dispatch_sched_weekend
1
3
12
24
6 6 6 6 6 6 5 5 5 5 5 5 5 5 5 4 4 4 4 4 4 6 6 6 
6 6 6 6 6 6 5 5 5 5 5 5 5 5 5 4 4 4 4 4 4 6 6 6 
6 6 6 6 6 6 5 5 5 5 5 5 5 5 5 4 4 4 4 4 4 6 6 6 
9 9 9 9 9 9 8 8 8 8 8 8 8 8 8 7 7 7 7 7 7 8 8 8 
9 9 9 9 9 9 8 8 8 8 8 8 8 8 8 7 7 7 7 7 7 8 8 8 
9 9 9 9 9 9 8 8 8 8 8 8 8 8 8 7 7 7 7 7 7 8 8 8 
3 3 3 3 3 3 2 2 2 2 2 2 2 2 2 1 1 1 1 1 1 3 3 3 
3 3 3 3 3 3 2 2 2 2 2 2 2 2 2 1 1 1 1 1 1 3 3 3 
3 3 3 3 3 3 2 2 2 2 2 2 2 2 2 1 1 1 1 1 1 3 3 3 
6 6 6 6 6 6 5 5 5 5 5 5 5 5 5 4 4 4 4 4 4 6 6 6 
6 6 6 6 6 6 5 5 5 5 5 5 5 5 5 4 4 4 4 4 4 6 6 6 
6 6 6 6 6 6 5 5 5 5 5 5 5 5 5 4 4 4 4 4 4 6 6 6 

library_folder_list
1
4
1
x
library_paths
1
4
0
loan_moratorium
1
1
1
1
0
lon
1
1
1
1
-116.78
mera_cost1
1
1
1
1
0
mera_cost2
1
1
1
1
0
mera_cost3
1
1
1
1
0
mera_name1
1
4
21
Replacement Reserve 1
mera_name2
1
4
21
Replacement Reserve 2
mera_name3
1
4
21
Replacement Reserve 3
months_receivables_reserve
1
1
1
1
0
months_working_reserve
1
1
1
1
6
n_pl_inc
1
1
1
1
8
nameplate
1
1
1
1
99
nominal_discount_rate
1
1
1
1
8.1375
om_capacity
1
2
1
1
50
om_capacity_escal
1
1
1
1
0
om_fixed
1
2
1
1
0
om_fixed_escal
1
1
1
1
0
om_fuel_cost
1
2
1
1
0
om_fuel_cost_escal
1
1
1
1
0
om_production
1
2
1
1
0
om_production_escal
1
1
1
1
0
om_replacement_cost1
1
2
1
1
0
om_replacement_cost_escal
1
1
1
1
0
payment_option
1
1
1
1
0
pb_bd_frac
1
1
1
1
0.013
pb_fixed_par
1
1
1
1
0.0055
pb_pump_coef
1
1
1
1
0.55
pbi_fed_amount
1
2
1
1
0
pbi_fed_escal
1
1
1
1
0
pbi_fed_for_ds
1
1
1
1
0
pbi_fed_tax_fed
1
1
1
1
1
pbi_fed_tax_sta
1
1
1
1
1
pbi_fed_term
1
1
1
1
0
pbi_oth_amount
1
2
1
1
0
pbi_oth_escal
1
1
1
1
0
pbi_oth_for_ds
1
1
1
1
0
pbi_oth_tax_fed
1
1
1
1
1
pbi_oth_tax_sta
1
1
1
1
1
pbi_oth_term
1
1
1
1
0
pbi_sta_amount
1
2
1
1
0
pbi_sta_escal
1
1
1
1
0
pbi_sta_for_ds
1
1
1
1
0
pbi_sta_tax_fed
1
1
1
1
1
pbi_sta_tax_sta
1
1
1
1
1
pbi_sta_term
1
1
1
1
0
pbi_uti_amount
1
2
1
1
0
pbi_uti_escal
1
1
1
1
0
pbi_uti_for_ds
1
1
1
1
0
pbi_uti_tax_fed
1
1
1
1
1
pbi_uti_tax_sta
1
1
1
1
1
pbi_uti_term
1
1
1
1
0
pc_config
1
1
1
1
1
ppa_escalation
1
1
1
1
1
ppa_multiplier_model
1
1
1
1
0
ppa_price_input
1
2
1
1
0
ppa_soln_mode
1
1
1
1
0
prop_tax_assessed_decline
1
1
1
1
0
prop_tax_cost_assessed_percent
1
1
1
1
100
property_assessed_value
1
1
1
1
245997456
property_tax_rate
1
1
1
1
1
ptc_fed_amount
1
2
1
1
0
ptc_fed_escal
1
1
1
1
0
ptc_fed_term
1
1
1
1
10
ptc_sta_amount
1
2
1
1
0
ptc_sta_escal
1
1
1
1
0
ptc_sta_term
1
1
1
1
10
q_dot_heater_des
1
1
1
1
464.444
q_dot_tes_est
1
1
1
1
1.42023
q_pb_design
1
1
1
1
244.444
q_sby_frac
1
1
1
1
0.15
real_discount_rate
1
1
1
1
5.5
rec_htf
1
1
1
1
17
reserves_interest
1
1
1
1
1.75
revenue_TOD_is_shown
1
1
1
1
1
revenue_capacity_payments_is_shown
1
1
1
1
0
revenue_curtailment_is_shown
1
1
1
1
0
roe_input
1
2
1
1
0
sales_tax_frac
1
1
1
1
80
sales_tax_rate
1
1
1
1
0
salvage_percentage
1
1
1
1
0
salvage_value
1
1
1
1
0
sf_excess
1
1
1
1
1
show_CapitalCostSO
1
1
1
1
0
show_DebtConstDSCR
1
1
1
1
0
show_ReserveAccounts
1
1
1
1
0
show_ReturnonEquity
1
1
1
1
0
show_construction_period
1
1
1
1
1
solar_data_file_name
1
4
49
daggett_ca_34.865371_-116.783023_psmv3_60_tmy.csv
solar_data_file_name_load
1
4
49
daggett_ca_34.865371_-116.783023_psmv3_60_tmy.csv
solar_data_source
1
4
5
NSRDB
solar_resource
1
4
45
daggett_ca_34.865371_-116.783023_psmv3_60_tmy
solar_resource_file
1
4
49
daggett_ca_34.865371_-116.783023_psmv3_60_tmy.csv
solution_mode_message
1
4
0
startup_frac
1
1
1
1
0.2
startup_time
1
1
1
1
0.3
state
1
4
1
-
state_tax_rate
1
2
1
1
0
station_id
1
4
5
91486
step
1
1
1
1
3600
system_capacity
1
1
1
1
99000
system_use_lifetime_output
1
1
1
1
0
system_use_recapitalization
1
1
1
1
0
tank_pairs
1
1
1
1
1
tech_type
1
1
1
1
1
term_int_rate
1
1
1
1
0
term_tenor
1
1
1
1
0
tes_avail_vol
1
1
1
1
6823.4
tes_spec_cost
1
1
1
1
40
tod_library
1
4
21
PG&E 2016 Energy Only
total_installed_cost
1
1
1
1
245997456
tshours
1
1
1
1
6
tshours_heater
1
1
1
1
3.15789
tz
1
1
1
1
-8
u_tank
1
1
1
1
1.2
ud_COPY_T_HTF_des
1
1
1
1
574
ud_Q_dot_HTF_ND_des
1
1
1
1
1
ud_T_amb_des
1
1
1
1
27
ud_T_amb_des_calc
1
1
1
1
43
ud_T_amb_high
1
1
1
1
55
ud_T_amb_high_calc
1
1
1
1
55
ud_T_amb_levels
1
1
1
1
20
ud_T_amb_low
1
1
1
1
0
ud_T_amb_low_calc
1
1
1
1
0
ud_T_htf_des_calc
1
1
1
1
574
ud_T_htf_high
1
1
1
1
580
ud_T_htf_high_calc
1
1
1
1
580
ud_T_htf_levels
1
1
1
1
20
ud_T_htf_low
1
1
1
1
500
ud_T_htf_low_calc
1
1
1
1
500
ud_W_dot_cool_calc
1
1
1
1
0
ud_W_dot_cooling_ND_des
1
1
1
1
1
ud_W_dot_gross_ND_des
1
1
1
1
0.998374
ud_enable_gen_table
1
1
1
1
0
ud_f_W_dot_cool_des
1
1
1
1
0
ud_hot_htf_props
1
3
1
9
1 7 0 0 0 0 0 0 0 

ud_ind_od
1
3
180
7
500 0.3 43 0.143233 0.221831 1 1 
504.211 0.3 43 0.146807 0.226279 1 1 
508.421 0.3 43 0.150404 0.230726 1 1 
512.632 0.3 43 0.154022 0.235174 1 1 
516.842 0.3 43 0.157661 0.239622 1 1 
521.053 0.3 43 0.161322 0.24407 1 1 
525.263 0.3 43 0.165003 0.248517 1 1 
529.474 0.3 43 0.168705 0.252965 1 1 
533.684 0.3 43 0.172427 0.257413 1 1 
537.895 0.3 43 0.176169 0.261861 1 1 
542.105 0.3 43 0.179931 0.266308 1 1 
546.316 0.3 43 0.183713 0.270756 1 1 
550.526 0.3 43 0.187514 0.275204 1 1 
554.737 0.3 43 0.191335 0.279652 1 1 
558.947 0.3 43 0.195175 0.284099 1 1 
563.158 0.3 43 0.199033 0.288547 1 1 
567.368 0.3 43 0.20291 0.292995 1 1 
571.579 0.3 43 0.206805 0.297443 1 1 
575.789 0.3 43 0.210719 0.30189 1 1 
580 0.3 43 0.214651 0.306338 1 1 
500 1 43 0.685149 0.739437 1 1 
504.211 1 43 0.702248 0.754262 1 1 
508.421 1 43 0.719451 0.769088 1 1 
512.632 1 43 0.736758 0.783914 1 1 
516.842 1 43 0.754166 0.79874 1 1 
521.053 1 43 0.771676 0.813566 1 1 
525.263 1 43 0.789284 0.828391 1 1 
529.474 1 43 0.806992 0.843217 1 1 
533.684 1 43 0.824797 0.858043 1 1 
537.895 1 43 0.842698 0.872869 1 1 
542.105 1 43 0.860694 0.887695 1 1 
546.316 1 43 0.878784 0.90252 1 1 
550.526 1 43 0.896968 0.917346 1 1 
554.737 1 43 0.915244 0.932172 1 1 
558.947 1 43 0.93361 0.946998 1 1 
563.158 1 43 0.952067 0.961824 1 1 
567.368 1 43 0.970612 0.976649 1 1 
571.579 1 43 0.989246 0.991475 1 1 
575.789 1 43 1.00797 1.0063 1 1 
580 1 43 1.02677 1.02113 1 1 
500 1.2 43 0.768941 0.887324 1 1 
504.211 1.2 43 0.788132 0.905115 1 1 
508.421 1.2 43 0.807439 0.922906 1 1 
512.632 1.2 43 0.826862 0.940697 1 1 
516.842 1.2 43 0.846399 0.958488 1 1 
521.053 1.2 43 0.86605 0.976279 1 1 
525.263 1.2 43 0.885812 0.99407 1 1 
529.474 1.2 43 0.905685 1.01186 1 1 
533.684 1.2 43 0.925668 1.02965 1 1 
537.895 1.2 43 0.945758 1.04744 1 1 
542.105 1.2 43 0.965955 1.06523 1 1 
546.316 1.2 43 0.986258 1.08302 1 1 
550.526 1.2 43 1.00666 1.10082 1 1 
554.737 1.2 43 1.02718 1.11861 1 1 
558.947 1.2 43 1.04779 1.1364 1 1 
563.158 1.2 43 1.0685 1.15419 1 1 
567.368 1.2 43 1.08932 1.17198 1 1 
571.579 1.2 43 1.11023 1.18977 1 1 
575.789 1.2 43 1.13124 1.20756 1 1 
580 1.2 43 1.15235 1.22535 1 1 
574 0.3 0 0.232189 0.3 1 1 
574 0.347368 0 0.280939 0.347368 1 1 
574 0.394737 0 0.33173 0.394737 1 1 
574 0.442105 0 0.384387 0.442105 1 1 
574 0.489474 0 0.438766 0.489474 1 1 
574 0.536842 0 0.494749 0.536842 1 1 
574 0.584211 0 0.552236 0.584211 1 1 
574 0.631579 0 0.61114 0.631579 1 1 
574 0.678947 0 0.671385 0.678947 1 1 
574 0.726316 0 0.732905 0.726316 1 1 
574 0.773684 0 0.795642 0.773684 1 1 
574 0.821053 0 0.859542 0.821053 1 1 
574 0.868421 0 0.924558 0.868421 1 1 
574 0.915789 0 0.990648 0.915789 1 1 
574 0.963158 0 1.05777 0.963158 1 1 
574 1.01053 0 1.1188 1.01053 1 1 
574 1.05789 0 1.15414 1.05789 1 1 
574 1.10526 0 1.1873 1.10526 1 1 
574 1.15263 0 1.21814 1.15263 1 1 
574 1.2 0 1.2465 1.2 1 1 
574 0.3 43 0.209054 0.3 1 1 
574 0.347368 43 0.252946 0.347368 1 1 
574 0.394737 43 0.298676 0.394737 1 1 
574 0.442105 43 0.346085 0.442105 1 1 
574 0.489474 43 0.395046 0.489474 1 1 
574 0.536842 43 0.445452 0.536842 1 1 
574 0.584211 43 0.49721 0.584211 1 1 
574 0.631579 43 0.550245 0.631579 1 1 
574 0.678947 43 0.604487 0.678947 1 1 
574 0.726316 43 0.659877 0.726316 1 1 
574 0.773684 43 0.716363 0.773684 1 1 
574 0.821053 43 0.773895 0.821053 1 1 
574 0.868421 43 0.832433 0.868421 1 1 
574 0.915789 43 0.891937 0.915789 1 1 
574 0.963158 43 0.952372 0.963158 1 1 
574 1.01053 43 1.00732 1.01053 1 1 
574 1.05789 43 1.03914 1.05789 1 1 
574 1.10526 43 1.06899 1.10526 1 1 
574 1.15263 43 1.09676 1.15263 1 1 
574 1.2 43 1.1223 1.2 1 1 
574 0.3 55 0.202883 0.3 1 1 
574 0.347368 55 0.245479 0.347368 1 1 
574 0.394737 55 0.289859 0.394737 1 1 
574 0.442105 55 0.33587 0.442105 1 1 
574 0.489474 55 0.383385 0.489474 1 1 
574 0.536842 55 0.432303 0.536842 1 1 
574 0.584211 55 0.482533 0.584211 1 1 
574 0.631579 55 0.534002 0.631579 1 1 
574 0.678947 55 0.586643 0.678947 1 1 
574 0.726316 55 0.640399 0.726316 1 1 
574 0.773684 55 0.695217 0.773684 1 1 
574 0.821053 55 0.751051 0.821053 1 1 
574 0.868421 55 0.807861 0.868421 1 1 
574 0.915789 55 0.865609 0.915789 1 1 
574 0.963158 55 0.92426 0.963158 1 1 
574 1.01053 55 0.977589 1.01053 1 1 
574 1.05789 55 1.00846 1.05789 1 1 
574 1.10526 55 1.03744 1.10526 1 1 
574 1.15263 55 1.06439 1.15263 1 1 
574 1.2 55 1.08917 1.2 1 1 
500 1 0 0.770809 0.739437 1 1 
500 1 2.89474 0.764839 0.739437 1 1 
500 1 5.78947 0.758901 0.739437 1 1 
500 1 8.68421 0.752994 0.739437 1 1 
500 1 11.5789 0.747116 0.739437 1 1 
500 1 14.4737 0.741269 0.739437 1 1 
500 1 17.3684 0.735451 0.739437 1 1 
500 1 20.2632 0.729662 0.739437 1 1 
500 1 23.1579 0.723901 0.739437 1 1 
500 1 26.0526 0.718168 0.739437 1 1 
500 1 28.9474 0.712463 0.739437 1 1 
500 1 31.8421 0.706786 0.739437 1 1 
500 1 34.7368 0.701135 0.739437 1 1 
500 1 37.6316 0.695511 0.739437 1 1 
500 1 40.5263 0.689912 0.739437 1 1 
500 1 43.4211 0.68434 0.739437 1 1 
500 1 46.3158 0.678793 0.739437 1 1 
500 1 49.2105 0.673271 0.739437 1 1 
500 1 52.1053 0.667774 0.739437 1 1 
500 1 55 0.662301 0.739437 1 1 
574 1 0 1.11067 1 1 1 
574 1 2.89474 1.10296 1 1 1 
574 1 5.78947 1.09529 1 1 1 
574 1 8.68421 1.08765 1 1 1 
574 1 11.5789 1.08006 1 1 1 
574 1 14.4737 1.0725 1 1 1 
574 1 17.3684 1.06499 1 1 1 
574 1 20.2632 1.05751 1 1 1 
574 1 23.1579 1.05007 1 1 1 
574 1 26.0526 1.04266 1 1 1 
574 1 28.9474 1.03529 1 1 1 
574 1 31.8421 1.02795 1 1 1 
574 1 34.7368 1.02065 1 1 1 
574 1 37.6316 1.01339 1 1 1 
574 1 40.5263 1.00615 1 1 1 
574 1 43.4211 0.998955 1 1 1 
574 1 46.3158 0.991788 1 1 1 
574 1 49.2105 0.984654 1 1 1 
574 1 52.1053 0.977552 1 1 1 
574 1 55 0.970482 1 1 1 
580 1 0 1.13938 1.02113 1 1 
580 1 2.89474 1.13154 1.02113 1 1 
580 1 5.78947 1.12373 1.02113 1 1 
580 1 8.68421 1.11596 1.02113 1 1 
580 1 11.5789 1.10824 1.02113 1 1 
580 1 14.4737 1.10055 1.02113 1 1 
580 1 17.3684 1.0929 1.02113 1 1 
580 1 20.2632 1.08529 1.02113 1 1 
580 1 23.1579 1.07772 1.02113 1 1 
580 1 26.0526 1.07018 1.02113 1 1 
580 1 28.9474 1.06268 1.02113 1 1 
580 1 31.8421 1.05522 1.02113 1 1 
580 1 34.7368 1.04779 1.02113 1 1 
580 1 37.6316 1.0404 1.02113 1 1 
580 1 40.5263 1.03304 1.02113 1 1 
580 1 43.4211 1.02571 1.02113 1 1 
580 1 46.3158 1.01842 1.02113 1 1 
580 1 49.2105 1.01116 1.02113 1 1 
580 1 52.1053 1.00393 1.02113 1 1 
580 1 55 0.996738 1.02113 1 1 

ud_m_dot_des_calc
1
1
1
1
1
ud_m_dot_design
1
1
1
1
1
ud_m_dot_high_calc
1
1
1
1
1.2
ud_m_dot_htf_high
1
1
1
1
1.2
ud_m_dot_htf_levels
1
1
1
1
20
ud_m_dot_htf_low
1
1
1
1
0.3
ud_m_dot_low_calc
1
1
1
1
0.3
ud_m_dot_water_ND_des
1
1
1
1
1
ud_m_dot_water_cool_des
1
1
1
1
0
ud_n_T_amb_calc
1
1
1
1
20
ud_n_T_htf_calc
1
1
1
1
20
ud_n_m_dot_calc
1
1
1
1
20
ui_bop_cost_calc
1
1
1
1
11000000
ui_contingency_cost_calc
1
1
1
1
17391924
ui_cycle_cost_calc
1
1
1
1
80407800
ui_direct_subtotal
1
1
1
1
196518912
ui_epc_cost_calc
1
1
1
1
32086626
ui_etes_cost__P_ref
1
1
1
1
110
ui_etes_cost__nameplate
1
1
1
1
99
ui_etes_cost__q_dot_heater
1
1
1
1
464.444
ui_etes_cost__sales_tax
1
1
1
1
0
ui_etes_cost__tes_mwht
1
1
1
1
1466.67
ui_heater_cost_calc
1
1
1
1
46444444
ui_installed_per_capacity_cost_calc
1
1
1
1
2484.82
ui_land_cost_calc
1
1
1
1
0
ui_sales_tax_cost_calc
1
1
1
1
0
ui_step_minutes
1
1
1
1
60
ui_storage_cost_calc
1
1
1
1
58666668
ui_total_direct_cost
1
1
1
1
213910832
ui_total_indirect_cost
1
1
1
1
32086626
ui_wacc
1
1
1
1
4.06875
use_specific_weather_file
1
1
1
1
0
user_specified_weather_file
1
4
0
vol_tank
1
1
1
1
7166.18
wf_nrecords
1
1
1
1
8760
