1
419
LeadAcid_q10
1
1
1
1
93.000000
LeadAcid_q10_computed
1
1
1
1
0.000000
LeadAcid_q20
1
1
1
1
100.000000
LeadAcid_q20_computed
1
1
1
1
0.000000
LeadAcid_qn
1
1
1
1
60.000000
LeadAcid_qn_computed
1
1
1
1
0.000000
LeadAcid_tn
1
1
1
1
1.000000
T_room
1
1
1
1
20.000000
ac_nameplate
1
1
1
1
0.000000
adjust
1
5
1
0
analysis_period
1
1
1
1
30.000000
analysis_period_warning
1
4
0
annual_albedo
1
1
1
1
0.000000
annual_beam
1
1
1
1
0.000000
annual_diffuse
1
1
1
1
0.000000
annual_global
1
1
1
1
0.000000
annual_peak
1
1
1
1
0.000000
annual_snow
1
1
1
1
0.000000
annual_tdry
1
1
1
1
0.000000
annual_wspd
1
1
1
1
0.000000
array_type
1
1
1
1
0.000000
azimuth
1
1
1
1
180.000000
batt_C_rate
1
1
1
1
0.100000
batt_C_rate_max_charge
1
1
1
1
1.000000
batt_C_rate_max_charge_input
1
1
1
1
0.500000
batt_C_rate_max_discharge
1
1
1
1
1.000000
batt_C_rate_max_discharge_input
1
1
1
1
0.500000
batt_Cp
1
1
1
1
4183.000000
batt_Qexp
1
1
1
1
1.000000
batt_Qexp_percent
1
1
1
1
1.000000
batt_Qfull
1
1
1
1
5.000000
batt_Qfull_flow
1
1
1
1
0.000000
batt_Qnom
1
1
1
1
56.000000
batt_Qnom_percent
1
1
1
1
95.000000
batt_Vexp
1
1
1
1
2.050000
batt_Vfull
1
1
1
1
2.200000
batt_Vnom
1
1
1
1
2.040000
batt_Vnom_default
1
1
1
1
2.000000
batt_ac_dc_efficiency
1
1
1
1
99.000000
batt_ac_or_dc
1
1
1
1
1.000000
batt_bank_ncells_serial
1
1
1
1
3.000000
batt_bank_nseries_stacks
1
1
1
1
1.000000
batt_bank_nstrings
1
1
1
1
1.000000
batt_bank_power
1
1
1
1
20.000000
batt_bank_power_dc_ac
1
1
1
1
0.000000
batt_bank_size
1
1
1
1
3.000000
batt_bank_size_dc_ac
1
1
1
1
0.000000
batt_bank_size_specify
1
1
1
1
100.000000
batt_bank_voltage
1
1
1
1
450.000000
batt_calendar_a
1
1
1
1
0.002660
batt_calendar_b
1
1
1
1
-7280.000000
batt_calendar_c
1
1
1
1
930.000000
batt_calendar_choice
1
1
1
1
0.000000
batt_calendar_lifetime_matrix
1
3
3
2
0.000000 100.000000 
3650.000000 80.000000 
7300.000000 50.000000 

batt_calendar_q0
1
1
1
1
1.020000
batt_cell_current_charge_max
1
1
1
1
10.000000
batt_cell_current_discharge_max
1
1
1
1
10.000000
batt_cell_power_charge_max
1
1
1
1
2.000000
batt_cell_power_discharge_max
1
1
1
1
2.000000
batt_chem
1
1
1
1
1.000000
batt_computed_bank_capacity
1
1
1
1
0.000000
batt_computed_series
1
1
1
1
0.000000
batt_computed_stacks_series
1
1
1
1
1.000000
batt_computed_strings
1
1
1
1
1.000000
batt_computed_voltage
1
1
1
1
0.000000
batt_current_charge_max
1
1
1
1
100.000000
batt_current_choice
1
1
1
1
1.000000
batt_current_discharge_max
1
1
1
1
100.000000
batt_custom_dispatch
1
2
1
1
0.000000
batt_dc_ac_efficiency
1
1
1
1
99.000000
batt_dc_dc_efficiency
1
1
1
1
99.000000
batt_discharge_percent_1
1
1
1
1
25.000000
batt_discharge_percent_2
1
1
1
1
25.000000
batt_discharge_percent_3
1
1
1
1
25.000000
batt_discharge_percent_4
1
1
1
1
25.000000
batt_discharge_percent_5
1
1
1
1
25.000000
batt_discharge_percent_6
1
1
1
1
25.000000
batt_dispatch_auto_can_charge
1
1
1
1
1.000000
batt_dispatch_auto_can_gridcharge
1
1
1
1
1.000000
batt_dispatch_choice
1
1
1
1
3.000000
batt_gridcharge_percent_1
1
1
1
1
100.000000
batt_gridcharge_percent_2
1
1
1
1
100.000000
batt_gridcharge_percent_3
1
1
1
1
100.000000
batt_gridcharge_percent_4
1
1
1
1
100.000000
batt_gridcharge_percent_5
1
1
1
1
100.000000
batt_gridcharge_percent_6
1
1
1
1
100.000000
batt_h_to_ambient
1
1
1
1
5.000000
batt_height
1
1
1
1
0.425000
batt_initial_SOC
1
1
1
1
50.000000
batt_length
1
1
1
1
0.250000
batt_lifetime_matrix
1
3
9
3
30.000000 0.000000 100.000000 
30.000000 1100.000000 90.000000 
30.000000 1200.000000 50.000000 
50.000000 0.000000 100.000000 
50.000000 400.000000 90.000000 
50.000000 500.000000 50.000000 
100.000000 0.000000 100.000000 
100.000000 100.000000 90.000000 
100.000000 150.000000 50.000000 

batt_loss_choice
1
1
1
1
0.000000
batt_losses
1
2
1
1
0.000000
batt_losses_charging
1
2
1
1
0.000000
batt_losses_discharging
1
2
1
1
0.000000
batt_losses_idle
1
2
1
1
0.000000
batt_mass
1
1
1
1
56.000000
batt_maximum_SOC
1
1
1
1
95.000000
batt_meter_position
1
1
1
1
0.000000
batt_minimum_SOC
1
1
1
1
30.000000
batt_minimum_modetime
1
1
1
1
10.000000
batt_num_cells
1
1
1
1
1.000000
batt_power_charge_max
1
1
1
1
0.000000
batt_power_discharge_max
1
1
1
1
0.000000
batt_replacement_capacity
1
1
1
1
0.000000
batt_replacement_cost
1
1
1
1
600.000000
batt_replacement_cost_escal
1
1
1
1
0.000000
batt_replacement_option
1
1
1
1
0.000000
batt_replacement_schedule
1
2
1
1
0.000000
batt_resistance
1
1
1
1
0.100000
batt_size_choice
1
1
1
1
0.000000
batt_specific_energy_per_mass
1
1
1
1
150.000000
batt_specific_energy_per_volume
1
1
1
1
300.000000
batt_target_choice
1
1
1
1
0.000000
batt_target_power
1
2
1
1
15.000000
batt_target_power_monthly
1
2
1
1
0.000000
batt_time_capacity
1
1
1
1
2.000000
batt_type
1
1
1
1
0.000000
batt_voltage_choice
1
1
1
1
0.000000
batt_voltage_matrix
1
3
6
2
0.000000 1.200000 
20.000000 1.100000 
40.000000 1.050000 
60.000000 1.000000 
80.000000 0.950000 
100.000000 0.500000 

batt_volume
1
1
1
1
0.001000
batt_width
1
1
1
1
0.181000
cap_vs_temp
1
3
4
2
-15.000000 65.000000 
0.000000 85.000000 
25.000000 100.000000 
40.000000 104.000000 

cbi_fed_amount
1
1
1
1
0.000000
cbi_fed_deprbas_fed
1
1
1
1
0.000000
cbi_fed_deprbas_sta
1
1
1
1
0.000000
cbi_fed_maxvalue
1
1
1
1
0.000000
cbi_fed_tax_fed
1
1
1
1
1.000000
cbi_fed_tax_sta
1
1
1
1
1.000000
cbi_oth_amount
1
1
1
1
0.000000
cbi_oth_deprbas_fed
1
1
1
1
0.000000
cbi_oth_deprbas_sta
1
1
1
1
0.000000
cbi_oth_maxvalue
1
1
1
1
0.000000
cbi_oth_tax_fed
1
1
1
1
1.000000
cbi_oth_tax_sta
1
1
1
1
1.000000
cbi_sta_amount
1
1
1
1
0.000000
cbi_sta_deprbas_fed
1
1
1
1
0.000000
cbi_sta_deprbas_sta
1
1
1
1
0.000000
cbi_sta_maxvalue
1
1
1
1
0.000000
cbi_sta_tax_fed
1
1
1
1
1.000000
cbi_sta_tax_sta
1
1
1
1
1.000000
cbi_uti_amount
1
1
1
1
0.000000
cbi_uti_deprbas_fed
1
1
1
1
0.000000
cbi_uti_deprbas_sta
1
1
1
1
0.000000
cbi_uti_maxvalue
1
1
1
1
0.000000
cbi_uti_tax_fed
1
1
1
1
1.000000
cbi_uti_tax_sta
1
1
1
1
1.000000
city
1
4
9
<invalid>
country
1
4
9
<invalid>
dc_ac_ratio
1
1
1
1
1.100000
debt_fraction
1
1
1
1
50.000000
debt_message
1
4
0
degradation
1
2
1
1
0.000000
depr_fed_custom
1
2
1
1
0.000000
depr_fed_sl_years
1
1
1
1
7.000000
depr_fed_type
1
1
1
1
1.000000
depr_sta_custom
1
2
1
1
0.000000
depr_sta_sl_years
1
1
1
1
7.000000
depr_sta_type
1
1
1
1
1.000000
dispatch_manual_charge
1
2
1
1
0.000000
dispatch_manual_discharge
1
2
1
1
0.000000
dispatch_manual_gridcharge
1
2
1
1
0.000000
dispatch_manual_percent_discharge
1
2
1
1
0.000000
dispatch_manual_percent_gridcharge
1
2
1
1
0.000000
dispatch_manual_sched
1
3
299
1
2.000000 
1.000000 
1.000000 
1.000000 
1.000000 
1.000000 
1.000000 
1.000000 
1.000000 
1.000000 
1.000000 
1.000000 
1.000000 
1.000000 
1.000000 
1.000000 
3.000000 
3.000000 
3.000000 
3.000000 
1.000000 
1.000000 
1.000000 
1.000000 
0.000000 
2.000000 
1.000000 
1.000000 
1.000000 
1.000000 
1.000000 
1.000000 
1.000000 
1.000000 
1.000000 
1.000000 
1.000000 
1.000000 
1.000000 
1.000000 
1.000000 
3.000000 
3.000000 
3.000000 
3.000000 
1.000000 
1.000000 
1.000000 
1.000000 
0.000000 
2.000000 
1.000000 
1.000000 
1.000000 
1.000000 
1.000000 
1.000000 
1.000000 
1.000000 
1.000000 
1.000000 
1.000000 
1.000000 
1.000000 
1.000000 
1.000000 
3.000000 
3.000000 
3.000000 
3.000000 
1.000000 
1.000000 
1.000000 
1.000000 
0.000000 
2.000000 
1.000000 
1.000000 
1.000000 
1.000000 
1.000000 
1.000000 
1.000000 
1.000000 
1.000000 
1.000000 
1.000000 
1.000000 
1.000000 
1.000000 
1.000000 
3.000000 
3.000000 
3.000000 
3.000000 
1.000000 
1.000000 
1.000000 
1.000000 
0.000000 
2.000000 
1.000000 
1.000000 
1.000000 
1.000000 
1.000000 
1.000000 
1.000000 
1.000000 
1.000000 
1.000000 
1.000000 
1.000000 
1.000000 
1.000000 
1.000000 
3.000000 
3.000000 
3.000000 
3.000000 
1.000000 
1.000000 
1.000000 
1.000000 
0.000000 
2.000000 
1.000000 
1.000000 
1.000000 
1.000000 
1.000000 
1.000000 
1.000000 
1.000000 
1.000000 
1.000000 
1.000000 
1.000000 
1.000000 
1.000000 
1.000000 
3.000000 
3.000000 
3.000000 
3.000000 
1.000000 
1.000000 
1.000000 
1.000000 
0.000000 
2.000000 
1.000000 
1.000000 
1.000000 
1.000000 
1.000000 
1.000000 
1.000000 
1.000000 
1.000000 
1.000000 
1.000000 
1.000000 
1.000000 
1.000000 
1.000000 
3.000000 
3.000000 
3.000000 
3.000000 
1.000000 
1.000000 
1.000000 
1.000000 
0.000000 
2.000000 
1.000000 
1.000000 
1.000000 
1.000000 
1.000000 
1.000000 
1.000000 
1.000000 
1.000000 
1.000000 
1.000000 
1.000000 
1.000000 
1.000000 
1.000000 
3.000000 
3.000000 
3.000000 
3.000000 
1.000000 
1.000000 
1.000000 
1.000000 
0.000000 
2.000000 
1.000000 
1.000000 
1.000000 
1.000000 
1.000000 
1.000000 
1.000000 
1.000000 
1.000000 
1.000000 
1.000000 
1.000000 
1.000000 
1.000000 
1.000000 
3.000000 
3.000000 
3.000000 
3.000000 
1.000000 
1.000000 
1.000000 
1.000000 
0.000000 
2.000000 
1.000000 
1.000000 
1.000000 
1.000000 
1.000000 
1.000000 
1.000000 
1.000000 
1.000000 
1.000000 
1.000000 
1.000000 
1.000000 
1.000000 
1.000000 
3.000000 
3.000000 
3.000000 
3.000000 
1.000000 
1.000000 
1.000000 
1.000000 
0.000000 
2.000000 
1.000000 
1.000000 
1.000000 
1.000000 
1.000000 
1.000000 
1.000000 
1.000000 
1.000000 
1.000000 
1.000000 
1.000000 
1.000000 
1.000000 
1.000000 
3.000000 
3.000000 
3.000000 
3.000000 
1.000000 
1.000000 
1.000000 
1.000000 
0.000000 
2.000000 
1.000000 
1.000000 
1.000000 
1.000000 
1.000000 
1.000000 
1.000000 
1.000000 
1.000000 
1.000000 
1.000000 
1.000000 
1.000000 
1.000000 
1.000000 
3.000000 
3.000000 
3.000000 
3.000000 
1.000000 
1.000000 
1.000000 
1.000000 

dispatch_manual_sched_weekend
1
3
299
1
1.000000 
1.000000 
1.000000 
1.000000 
1.000000 
1.000000 
1.000000 
1.000000 
1.000000 
1.000000 
1.000000 
1.000000 
1.000000 
1.000000 
1.000000 
1.000000 
1.000000 
1.000000 
1.000000 
1.000000 
1.000000 
1.000000 
1.000000 
1.000000 
0.000000 
1.000000 
1.000000 
1.000000 
1.000000 
1.000000 
1.000000 
1.000000 
1.000000 
1.000000 
1.000000 
1.000000 
1.000000 
1.000000 
1.000000 
1.000000 
1.000000 
1.000000 
1.000000 
1.000000 
1.000000 
1.000000 
1.000000 
1.000000 
1.000000 
0.000000 
1.000000 
1.000000 
1.000000 
1.000000 
1.000000 
1.000000 
1.000000 
1.000000 
1.000000 
1.000000 
1.000000 
1.000000 
1.000000 
1.000000 
1.000000 
1.000000 
1.000000 
1.000000 
1.000000 
1.000000 
1.000000 
1.000000 
1.000000 
1.000000 
0.000000 
1.000000 
1.000000 
1.000000 
1.000000 
1.000000 
1.000000 
1.000000 
1.000000 
1.000000 
1.000000 
1.000000 
1.000000 
1.000000 
1.000000 
1.000000 
1.000000 
1.000000 
1.000000 
1.000000 
1.000000 
1.000000 
1.000000 
1.000000 
1.000000 
0.000000 
1.000000 
1.000000 
1.000000 
1.000000 
1.000000 
1.000000 
1.000000 
1.000000 
1.000000 
1.000000 
1.000000 
1.000000 
1.000000 
1.000000 
1.000000 
1.000000 
1.000000 
1.000000 
1.000000 
1.000000 
1.000000 
1.000000 
1.000000 
1.000000 
0.000000 
1.000000 
1.000000 
1.000000 
1.000000 
1.000000 
1.000000 
1.000000 
1.000000 
1.000000 
1.000000 
1.000000 
1.000000 
1.000000 
1.000000 
1.000000 
1.000000 
1.000000 
1.000000 
1.000000 
1.000000 
1.000000 
1.000000 
1.000000 
1.000000 
0.000000 
1.000000 
1.000000 
1.000000 
1.000000 
1.000000 
1.000000 
1.000000 
1.000000 
1.000000 
1.000000 
1.000000 
1.000000 
1.000000 
1.000000 
1.000000 
1.000000 
1.000000 
1.000000 
1.000000 
1.000000 
1.000000 
1.000000 
1.000000 
1.000000 
0.000000 
1.000000 
1.000000 
1.000000 
1.000000 
1.000000 
1.000000 
1.000000 
1.000000 
1.000000 
1.000000 
1.000000 
1.000000 
1.000000 
1.000000 
1.000000 
1.000000 
1.000000 
1.000000 
1.000000 
1.000000 
1.000000 
1.000000 
1.000000 
1.000000 
0.000000 
1.000000 
1.000000 
1.000000 
1.000000 
1.000000 
1.000000 
1.000000 
1.000000 
1.000000 
1.000000 
1.000000 
1.000000 
1.000000 
1.000000 
1.000000 
1.000000 
1.000000 
1.000000 
1.000000 
1.000000 
1.000000 
1.000000 
1.000000 
1.000000 
0.000000 
1.000000 
1.000000 
1.000000 
1.000000 
1.000000 
1.000000 
1.000000 
1.000000 
1.000000 
1.000000 
1.000000 
1.000000 
1.000000 
1.000000 
1.000000 
1.000000 
1.000000 
1.000000 
1.000000 
1.000000 
1.000000 
1.000000 
1.000000 
1.000000 
0.000000 
1.000000 
1.000000 
1.000000 
1.000000 
1.000000 
1.000000 
1.000000 
1.000000 
1.000000 
1.000000 
1.000000 
1.000000 
1.000000 
1.000000 
1.000000 
1.000000 
1.000000 
1.000000 
1.000000 
1.000000 
1.000000 
1.000000 
1.000000 
1.000000 
0.000000 
1.000000 
1.000000 
1.000000 
1.000000 
1.000000 
1.000000 
1.000000 
1.000000 
1.000000 
1.000000 
1.000000 
1.000000 
1.000000 
1.000000 
1.000000 
1.000000 
1.000000 
1.000000 
1.000000 
1.000000 
1.000000 
1.000000 
1.000000 
1.000000 

elev
1
1
1
1
0.000000
en_batt
1
1
1
1
0.000000
en_user_spec_losses
1
1
1
1
0.000000
energy_1
1
1
1
1
0.000000
energy_10
1
1
1
1
0.000000
energy_11
1
1
1
1
0.000000
energy_12
1
1
1
1
0.000000
energy_2
1
1
1
1
0.000000
energy_3
1
1
1
1
0.000000
energy_4
1
1
1
1
0.000000
energy_5
1
1
1
1
0.000000
energy_6
1
1
1
1
0.000000
energy_7
1
1
1
1
0.000000
energy_8
1
1
1
1
0.000000
energy_9
1
1
1
1
0.000000
escal_belpe
1
2
1
1
0.000000
escal_input_hourly
1
2
1
1
0.000000
escal_other
1
2
1
1
0.000000
federal_tax_rate
1
2
1
1
0.000000
file_name
1
4
0
fuelcell_degradation
1
1
1
1
0.010000
fuelcell_degradation_restart
1
1
1
1
1.000000
fuelcell_dynamic_response
1
1
1
1
0.500000
fuelcell_efficiency
1
3
11
3
0.000000 0.000000 50.000000 
16.000000 21.000000 50.000000 
25.000000 25.000000 50.000000 
34.000000 32.000000 50.000000 
44.000000 37.000000 50.000000 
53.000000 42.000000 50.000000 
62.000000 47.000000 49.000000 
72.000000 50.000000 48.000000 
82.000000 52.000000 47.000000 
90.000000 52.000000 46.000000 
100.000000 51.000000 45.000000 

fuelcell_number_of_units
1
1
1
1
1.000000
fuelcell_replacement_percent
1
1
1
1
50.000000
fuelcell_startup_time
1
1
1
1
24.000000
fuelcell_type
1
1
1
1
0.000000
fuelcell_unit_max_power
1
1
1
1
100.000000
fuelcell_unit_min_power
1
1
1
1
20.000000
gcr
1
1
1
1
0.400000
ibi_fed_amount
1
1
1
1
0.000000
ibi_fed_amount_deprbas_fed
1
1
1
1
0.000000
ibi_fed_amount_deprbas_sta
1
1
1
1
0.000000
ibi_fed_amount_tax_fed
1
1
1
1
1.000000
ibi_fed_amount_tax_sta
1
1
1
1
1.000000
ibi_fed_percent
1
1
1
1
0.000000
ibi_fed_percent_deprbas_fed
1
1
1
1
0.000000
ibi_fed_percent_deprbas_sta
1
1
1
1
0.000000
ibi_fed_percent_maxvalue
1
1
1
1
0.000000
ibi_fed_percent_tax_fed
1
1
1
1
1.000000
ibi_fed_percent_tax_sta
1
1
1
1
1.000000
ibi_oth_amount
1
1
1
1
0.000000
ibi_oth_amount_deprbas_fed
1
1
1
1
0.000000
ibi_oth_amount_deprbas_sta
1
1
1
1
0.000000
ibi_oth_amount_tax_fed
1
1
1
1
1.000000
ibi_oth_amount_tax_sta
1
1
1
1
1.000000
ibi_oth_percent
1
1
1
1
0.000000
ibi_oth_percent_deprbas_fed
1
1
1
1
0.000000
ibi_oth_percent_deprbas_sta
1
1
1
1
0.000000
ibi_oth_percent_maxvalue
1
1
1
1
0.000000
ibi_oth_percent_tax_fed
1
1
1
1
1.000000
ibi_oth_percent_tax_sta
1
1
1
1
1.000000
ibi_sta_amount
1
1
1
1
0.000000
ibi_sta_amount_deprbas_fed
1
1
1
1
0.000000
ibi_sta_amount_deprbas_sta
1
1
1
1
0.000000
ibi_sta_amount_tax_fed
1
1
1
1
1.000000
ibi_sta_amount_tax_sta
1
1
1
1
1.000000
ibi_sta_percent
1
1
1
1
0.000000
ibi_sta_percent_deprbas_fed
1
1
1
1
0.000000
ibi_sta_percent_deprbas_sta
1
1
1
1
0.000000
ibi_sta_percent_maxvalue
1
1
1
1
0.000000
ibi_sta_percent_tax_fed
1
1
1
1
1.000000
ibi_sta_percent_tax_sta
1
1
1
1
1.000000
ibi_uti_amount
1
1
1
1
0.000000
ibi_uti_amount_deprbas_fed
1
1
1
1
0.000000
ibi_uti_amount_deprbas_sta
1
1
1
1
0.000000
ibi_uti_amount_tax_fed
1
1
1
1
1.000000
ibi_uti_amount_tax_sta
1
1
1
1
1.000000
ibi_uti_percent
1
1
1
1
0.000000
ibi_uti_percent_deprbas_fed
1
1
1
1
0.000000
ibi_uti_percent_deprbas_sta
1
1
1
1
0.000000
ibi_uti_percent_maxvalue
1
1
1
1
0.000000
ibi_uti_percent_tax_fed
1
1
1
1
1.000000
ibi_uti_percent_tax_sta
1
1
1
1
1.000000
in_location
1
4
64
Type a street address or latitude, longitude (skip for advanced)
in_location_list
1
4
74
15458 Denver W Pkwy, Golden CO 804041|phoenix,az|45.5,-120.9|Manaus,Brazil
in_location_options
1
1
1
1
0.000000
in_nsrdb_options
1
1
1
1
0.000000
in_time_step
1
1
1
1
0.000000
inflation_rate
1
1
1
1
2.500000
insurance_rate
1
1
1
1
1.000000
inv_eff
1
1
1
1
96.000000
is_advanced
1
1
1
1
0.000000
itc_fed_amount
1
1
1
1
0.000000
itc_fed_amount_deprbas_fed
1
1
1
1
1.000000
itc_fed_amount_deprbas_sta
1
1
1
1
1.000000
itc_fed_percent
1
1
1
1
30.000000
itc_fed_percent_deprbas_fed
1
1
1
1
1.000000
itc_fed_percent_deprbas_sta
1
1
1
1
1.000000
itc_fed_percent_maxvalue
1
1
1
1
1.000000
itc_sta_amount
1
1
1
1
0.000000
itc_sta_amount_deprbas_fed
1
1
1
1
0.000000
itc_sta_amount_deprbas_sta
1
1
1
1
0.000000
itc_sta_percent
1
1
1
1
0.000000
itc_sta_percent_deprbas_fed
1
1
1
1
0.000000
itc_sta_percent_deprbas_sta
1
1
1
1
0.000000
itc_sta_percent_maxvalue
1
1
1
1
1.000000
lat
1
1
1
1
0.000000
library_folder_list
1
4
0
library_paths
1
4
0
load
1
2
1
1
0.000000
load_annual_total
1
1
1
1
0.000000
load_escalation
1
2
1
1
0.000000
load_model
1
1
1
1
0.000000
load_user_data
1
2
1
1
0.000000
loan_rate
1
1
1
1
6.000000
loan_term
1
1
1
1
30.000000
lon
1
1
1
1
0.000000
loss_age
1
1
1
1
0.000000
loss_avail
1
1
1
1
3.000000
loss_conn
1
1
1
1
0.500000
loss_lid
1
1
1
1
1.500000
loss_mismatch
1
1
1
1
2.000000
loss_nameplate
1
1
1
1
1.000000
loss_shading
1
1
1
1
3.000000
loss_snow
1
1
1
1
0.000000
loss_soiling
1
1
1
1
2.000000
loss_wiring
1
1
1
1
2.000000
losses
1
1
1
1
14.000000
losses_user
1
1
1
1
14.000000
module_type
1
1
1
1
0.000000
nominal_discount_rate
1
1
1
1
0.000000
normalize_to_utility_bill
1
1
1
1
0.000000
pbi_fed_amount
1
2
1
1
0.000000
pbi_fed_escal
1
1
1
1
0.000000
pbi_fed_for_ds
1
1
1
1
0.000000
pbi_fed_tax_fed
1
1
1
1
1.000000
pbi_fed_tax_sta
1
1
1
1
1.000000
pbi_fed_term
1
1
1
1
0.000000
pbi_oth_amount
1
2
1
1
0.000000
pbi_oth_escal
1
1
1
1
0.000000
pbi_oth_for_ds
1
1
1
1
0.000000
pbi_oth_tax_fed
1
1
1
1
1.000000
pbi_oth_tax_sta
1
1
1
1
1.000000
pbi_oth_term
1
1
1
1
0.000000
pbi_sta_amount
1
2
1
1
0.000000
pbi_sta_escal
1
1
1
1
0.000000
pbi_sta_for_ds
1
1
1
1
0.000000
pbi_sta_tax_fed
1
1
1
1
1.000000
pbi_sta_tax_sta
1
1
1
1
1.000000
pbi_sta_term
1
1
1
1
0.000000
pbi_uti_amount
1
2
1
1
0.000000
pbi_uti_escal
1
1
1
1
0.000000
pbi_uti_for_ds
1
1
1
1
0.000000
pbi_uti_tax_fed
1
1
1
1
1.000000
pbi_uti_tax_sta
1
1
1
1
1.000000
pbi_uti_term
1
1
1
1
0.000000
peak_1
1
1
1
1
0.000000
peak_10
1
1
1
1
0.000000
peak_11
1
1
1
1
0.000000
peak_12
1
1
1
1
0.000000
peak_2
1
1
1
1
0.000000
peak_3
1
1
1
1
0.000000
peak_4
1
1
1
1
0.000000
peak_5
1
1
1
1
0.000000
peak_6
1
1
1
1
0.000000
peak_7
1
1
1
1
0.000000
peak_8
1
1
1
1
0.000000
peak_9
1
1
1
1
0.000000
prop_tax_assessed_decline
1
1
1
1
0.000000
prop_tax_cost_assessed_percent
1
1
1
1
100.000000
property_assessed_value
1
1
1
1
0.000000
property_tax_rate
1
1
1
1
1.000000
ptc_fed_amount
1
2
1
1
0.000000
ptc_fed_escal
1
1
1
1
0.000000
ptc_fed_term
1
1
1
1
10.000000
ptc_sta_amount
1
2
1
1
0.000000
ptc_sta_escal
1
1
1
1
0.000000
ptc_sta_term
1
1
1
1
10.000000
pv.storage.p1.charge
1
1
1
1
1.000000
pv.storage.p1.discharge
1
1
1
1
0.000000
pv.storage.p1.gridcharge
1
1
1
1
0.000000
pv.storage.p2.charge
1
1
1
1
1.000000
pv.storage.p2.discharge
1
1
1
1
0.000000
pv.storage.p2.gridcharge
1
1
1
1
1.000000
pv.storage.p3.charge
1
1
1
1
1.000000
pv.storage.p3.discharge
1
1
1
1
1.000000
pv.storage.p3.gridcharge
1
1
1
1
0.000000
pv.storage.p4.charge
1
1
1
1
0.000000
pv.storage.p4.discharge
1
1
1
1
0.000000
pv.storage.p4.gridcharge
1
1
1
1
0.000000
pv.storage.p5.charge
1
1
1
1
0.000000
pv.storage.p5.discharge
1
1
1
1
0.000000
pv.storage.p5.gridcharge
1
1
1
1
0.000000
pv.storage.p6.charge
1
1
1
1
0.000000
pv.storage.p6.discharge
1
1
1
1
0.000000
pv.storage.p6.gridcharge
1
1
1
1
0.000000
rate_escalation
1
2
1
1
0.000000
real_discount_rate
1
1
1
1
5.500000
sales_tax_rate
1
1
1
1
0.000000
salvage_percentage
1
1
1
1
0.000000
salvage_value
1
1
1
1
0.000000
scale_factor
1
1
1
1
1.000000
shading
1
5
1
0
shading_3d_scene
1
6
0
show_cash_incentives
1
1
1
1
1.000000
show_tax_credits
1
1
1
1
1.000000
solar_data_file_name
1
4
0
solar_data_file_name_load
1
4
0
solar_data_source
1
4
0
solar_resource
1
4
0
solar_resource_file
1
4
0
state
1
4
9
<invalid>
state_tax_rate
1
2
1
1
0.000000
station_id
1
4
0
system_capacity
1
1
1
1
4.000000
tilt
1
1
1
1
42.820000
tz
1
1
1
1
0.000000
ui_annual_load
1
1
1
1
0.000000
ui_loan_amount
1
1
1
1
0.000000
ui_net_capital_cost
1
1
1
1
0.000000
ui_wacc
1
1
1
1
0.000000
ur_annual_min_charge
1
1
1
1
0.000000
ur_dc_enable
1
1
1
1
0.000000
ur_dc_flat_mat
1
3
12
4
0.000000 1.000000 99999996802856924650656260769173209088.000000 0.000000 
1.000000 1.000000 99999996802856924650656260769173209088.000000 0.000000 
2.000000 1.000000 99999996802856924650656260769173209088.000000 0.000000 
3.000000 1.000000 99999996802856924650656260769173209088.000000 0.000000 
4.000000 1.000000 99999996802856924650656260769173209088.000000 0.000000 
5.000000 1.000000 99999996802856924650656260769173209088.000000 0.000000 
6.000000 1.000000 99999996802856924650656260769173209088.000000 0.000000 
7.000000 1.000000 99999996802856924650656260769173209088.000000 0.000000 
8.000000 1.000000 99999996802856924650656260769173209088.000000 0.000000 
9.000000 1.000000 99999996802856924650656260769173209088.000000 0.000000 
10.000000 1.000000 99999996802856924650656260769173209088.000000 0.000000 
11.000000 1.000000 99999996802856924650656260769173209088.000000 0.000000 

ur_dc_is_shown
1
1
1
1
0.000000
ur_dc_sched_weekday
1
3
1
1
0.000000
ur_dc_sched_weekend
1
3
1
1
0.000000
ur_dc_tou_mat
1
3
2
4
1.000000 1.000000 99999996802856924650656260769173209088.000000 0.000000 
2.000000 1.000000 99999996802856924650656260769173209088.000000 0.000000 

ur_demand_history
1
1
1
1
0.000000
ur_demand_max
1
1
1
1
0.000000
ur_demand_min
1
1
1
1
0.000000
ur_desc_is_shown
1
1
1
1
0.000000
ur_description
1
4
5
empty
ur_ec_is_shown
1
1
1
1
0.000000
ur_ec_sched_weekday
1
3
1
1
0.000000
ur_ec_sched_weekend
1
3
1
1
0.000000
ur_ec_tou_mat
1
3
16
6
1.000000 1.000000 9.600000 2.000000 0.167560 0.000000 
1.000000 2.000000 12.480000 2.000000 0.179990 0.000000 
1.000000 3.000000 19.200001 2.000000 0.348050 0.000000 
1.000000 4.000000 99999996802856924650656260769173209088.000000 2.000000 0.457180 0.000000 
2.000000 1.000000 9.600000 2.000000 0.147470 0.000000 
2.000000 2.000000 12.480000 2.000000 0.159900 0.000000 
2.000000 3.000000 19.200001 2.000000 0.313400 0.000000 
2.000000 4.000000 99999996802856924650656260769173209088.000000 2.000000 0.342830 0.000000 
3.000000 1.000000 10.100000 2.000000 0.149820 0.000000 
3.000000 2.000000 13.130000 2.000000 0.162250 0.000000 
3.000000 3.000000 20.200001 2.000000 0.299890 0.000000 
3.000000 4.000000 99999996802856924650656260769173209088.000000 2.000000 0.352310 0.000000 
4.000000 1.000000 10.100000 2.000000 0.147470 0.000000 
4.000000 2.000000 13.130000 2.000000 0.159900 0.000000 
4.000000 3.000000 20.200001 2.000000 0.296030 0.000000 
4.000000 4.000000 99999996802856924650656260769173209088.000000 2.000000 0.342410 0.000000 

ur_en_ts_sell_rate
1
1
1
1
0.000000
ur_end_date
1
4
5
empty
ur_energy_history
1
1
1
1
0.000000
ur_energy_max
1
1
1
1
0.000000
ur_energy_min
1
1
1
1
0.000000
ur_metering_option
1
1
1
1
0.000000
ur_monthly_fixed_charge
1
1
1
1
0.000000
ur_monthly_min_charge
1
1
1
1
0.000000
ur_name
1
4
5
empty
ur_nm_yearend_sell_rate
1
1
1
1
0.000000
ur_phase_wiring
1
4
0
ur_ratedata_filename
1
4
0
ur_schedule_name
1
4
5
empty
ur_source
1
4
5
empty
ur_start_date
1
4
5
empty
ur_ts_sell_rate
1
2
1
1
0.000000
ur_uri
1
4
5
empty
ur_voltage_category
1
4
0
ur_voltage_max
1
1
1
1
0.000000
ur_voltage_min
1
1
1
1
0.000000
use_specific_weather_file
1
1
1
1
0.000000
user_specified_weather_file
1
4
0
utility_bill_data
1
2
1
12
300.000000 300.000000 300.000000 300.000000 300.000000 400.000000 500.000000 500.000000 400.000000 300.000000 300.000000 300.000000 

wf_nrecords
1
1
1
1
8760.000000
