1
1204
LeadAcid_q10
1
1
1
1
93
LeadAcid_q10_computed
1
1
1
1
0
LeadAcid_q20
1
1
1
1
100
LeadAcid_q20_computed
1
1
1
1
0
LeadAcid_qn
1
1
1
1
60
LeadAcid_qn_computed
1
1
1
1
0
LeadAcid_tn
1
1
1
1
1
accumulators_cost
1
1
1
1
0
active_structure_cost
1
1
1
1
0
additional_structural_components_cost
1
1
1
1
0
additional_structural_components_cost_total
1
1
1
1
0
air_turbine_cost
1
1
1
1
0
air_turbine_cost_total
1
1
1
1
0
air_turbine_cost_total_check
1
1
1
1
0
analysis_period
1
1
1
1
30
analysis_period_warning
1
4
0
anchors_and_piles_cost
1
1
1
1
0
ancillary_marine_systems_cost
1
1
1
1
0
ancillary_marine_systems_cost_total
1
1
1
1
0
ancillary_marine_systems_cost_total_check
1
1
1
1
0
annual_leases_fees_cost
1
1
1
1
0
annual_leases_fees_cost_total
1
1
1
1
0
annual_leases_fees_cost_total_check
1
1
1
1
0
array_cable_accessories_and_jointing_cost
1
1
1
1
0
array_cable_system_commissioning_cost
1
1
1
1
0
array_cable_system_cost
1
1
1
1
0
array_cable_system_cost_input
1
1
1
1
0
array_cable_system_cost_method
1
1
1
1
0
array_cable_system_cost_modeled
1
1
1
1
0
array_cable_system_cost_total
1
1
1
1
0
array_cable_system_cost_total_check
1
1
1
1
0
array_cable_system_transportation_cost
1
1
1
1
0
array_cables_assem_install_cost
1
1
1
1
0
array_cables_cost
1
1
1
1
0
array_sizing_mode
1
1
1
1
0
assem_install_shown
1
1
1
1
0
assem_other_infras_shown
1
1
1
1
0
assembly_and_install_cost
1
1
1
1
1.22795e+06
assembly_and_install_cost_input
1
1
1
1
0
assembly_and_install_cost_method
1
1
1
1
2
assembly_and_install_cost_modeled
1
1
1
1
1.22795e+06
assembly_and_install_cost_total
1
1
1
1
0
assembly_and_install_override
1
1
1
1
0
assembly_areas_cost
1
1
1
1
0
balance_of_system_cost_input
1
1
1
1
0
balance_of_system_cost_override
1
1
1
1
0
balance_of_system_cost_total
1
1
1
1
4.2834e+06
balance_of_system_cost_total_mill
1
1
1
1
4.2834
balance_of_system_scheduled_maintenance_cost
1
1
1
1
0
balance_of_system_unscheduled_maintenance_cost
1
1
1
1
0
ballast_system_cost
1
1
1
1
0
ballast_system_mooring_cost
1
1
1
1
0
batt_C_rate
1
1
1
1
0.1
batt_C_rate_max_charge
1
1
1
1
0
batt_C_rate_max_charge_input
1
1
1
1
0.5
batt_C_rate_max_discharge
1
1
1
1
0
batt_C_rate_max_discharge_input
1
1
1
1
0.5
batt_Cp
1
1
1
1
4183
batt_Qexp
1
1
1
1
0.05
batt_Qexp_percent
1
1
1
1
1
batt_Qfull
1
1
1
1
5
batt_Qfull_flow
1
1
1
1
nan
batt_Qnom
1
1
1
1
4.75
batt_Qnom_percent
1
1
1
1
95
batt_Vcut
1
1
1
1
0
batt_Vexp
1
1
1
1
2.05
batt_Vfull
1
1
1
1
2.2
batt_Vnom
1
1
1
1
2.04
batt_Vnom_default
1
1
1
1
3.2
batt_ac_dc_efficiency
1
1
1
1
99
batt_ac_or_dc
1
1
1
1
1
batt_bank_duration
1
1
1
1
0
batt_bank_ncells_serial
1
1
1
1
3
batt_bank_nseries_stacks
1
1
1
1
1
batt_bank_nstrings
1
1
1
1
1
batt_bank_power
1
1
1
1
20
batt_bank_power_dc_ac
1
1
1
1
0
batt_bank_size
1
1
1
1
0
batt_bank_size_dc_ac
1
1
1
1
0
batt_bank_size_specify
1
1
1
1
100
batt_bank_size_ui
1
1
1
1
0
batt_bank_voltage
1
1
1
1
450
batt_calendar_a
1
1
1
1
0.00266
batt_calendar_b
1
1
1
1
-7280
batt_calendar_c
1
1
1
1
939
batt_calendar_choice
1
1
1
1
0
batt_calendar_lifetime_matrix
1
3
3
2
0 100 
3650 80 
7300 50 

batt_calendar_q0
1
1
1
1
1.02
batt_cell_current_charge_max
1
1
1
1
10
batt_cell_current_discharge_max
1
1
1
1
10
batt_cell_power_charge_max
1
1
1
1
2
batt_cell_power_discharge_max
1
1
1
1
2
batt_chem
1
1
1
1
0
batt_computed_bank_capacity
1
1
1
1
0
batt_computed_series
1
1
1
1
0
batt_computed_stacks_series
1
1
1
1
0
batt_computed_strings
1
1
1
1
0
batt_computed_voltage
1
1
1
1
0
batt_current_charge_max
1
1
1
1
0
batt_current_choice
1
1
1
1
1
batt_current_discharge_max
1
1
1
1
0
batt_custom_dispatch
1
2
1
1
0
batt_cycle_cost
1
2
1
1
0
batt_cycle_cost_choice
1
1
1
1
0
batt_dc_ac_efficiency
1
1
1
1
99
batt_dc_dc_efficiency
1
1
1
1
99
batt_discharge_percent_1
1
1
1
1
25
batt_discharge_percent_2
1
1
1
1
25
batt_discharge_percent_3
1
1
1
1
25
batt_discharge_percent_4
1
1
1
1
25
batt_discharge_percent_5
1
1
1
1
25
batt_discharge_percent_6
1
1
1
1
25
batt_dispatch_auto_can_charge
1
1
1
1
0
batt_dispatch_auto_can_clipcharge
1
1
1
1
0
batt_dispatch_auto_can_fuelcellcharge
1
1
1
1
0
batt_dispatch_auto_can_gridcharge
1
1
1
1
0
batt_dispatch_choice
1
1
1
1
0
batt_dispatch_choice_ui
1
1
1
1
3
batt_dispatch_excl
1
1
1
1
0
batt_dispatch_pvs_ac_lb
1
1
1
1
-0.1
batt_dispatch_pvs_ac_lb_enable
1
1
1
1
0
batt_dispatch_pvs_ac_ub
1
1
1
1
1.05
batt_dispatch_pvs_ac_ub_enable
1
1
1
1
0
batt_dispatch_pvs_battery_energy
1
1
1
1
0
batt_dispatch_pvs_battery_power
1
1
1
1
0
batt_dispatch_pvs_battery_rte
1
1
1
1
98.01
batt_dispatch_pvs_curtail_as_control
1
1
1
1
0
batt_dispatch_pvs_curtail_if_violation
1
1
1
1
0
batt_dispatch_pvs_forecast_shift_periods
1
1
1
1
3
batt_dispatch_pvs_interconnection_limit
1
1
1
1
20000
batt_dispatch_pvs_kf
1
1
1
1
0.3
batt_dispatch_pvs_ki
1
1
1
1
1.8
batt_dispatch_pvs_kp
1
1
1
1
1.2
batt_dispatch_pvs_max_ramp
1
1
1
1
10
batt_dispatch_pvs_nameplate
1
1
1
1
286
batt_dispatch_pvs_nameplate_ac
1
1
1
1
286
batt_dispatch_pvs_ramp_interval
1
1
1
1
1576800
batt_dispatch_pvs_short_forecast_enable
1
1
1
1
0
batt_dispatch_pvs_soc_rest
1
1
1
1
50
batt_dispatch_pvs_timestep_multiplier
1
1
1
1
3
batt_dispatch_pvs_wf_forecast_choice
1
1
1
1
0
batt_dispatch_pvs_wf_timestep
1
1
1
1
525600
batt_dispatch_update_frequency_hours
1
1
1
1
0
batt_dispatch_wf_forecast_choice
1
1
1
1
0
batt_duration_choice
1
1
1
1
0
batt_gridcharge_percent_1
1
1
1
1
100
batt_gridcharge_percent_2
1
1
1
1
100
batt_gridcharge_percent_3
1
1
1
1
100
batt_gridcharge_percent_4
1
1
1
1
100
batt_gridcharge_percent_5
1
1
1
1
100
batt_gridcharge_percent_6
1
1
1
1
100
batt_h_to_ambient
1
1
1
1
5
batt_initial_SOC
1
1
1
1
50
batt_inverter_efficiency_cutoff
1
1
1
1
90
batt_life_excl
1
1
1
1
0
batt_life_model
1
1
1
1
0
batt_lifetime_matrix
1
3
9
3
30 0 100 
30 1100 90 
30 1200 50 
50 0 100 
50 400 90 
50 500 50 
100 0 100 
100 100 90 
100 150 50 

batt_look_ahead_hours
1
1
1
1
0
batt_loss_choice
1
1
1
1
0
batt_losses
1
2
1
1
0
batt_losses_charging
1
2
1
1
0
batt_losses_discharging
1
2
1
1
0
batt_losses_idle
1
2
1
1
0
batt_mass
1
1
1
1
0
batt_maximum_SOC
1
1
1
1
95
batt_meter_position
1
1
1
1
0
batt_minimum_SOC
1
1
1
1
30
batt_minimum_modetime
1
1
1
1
10
batt_num_cells
1
1
1
1
0
batt_power_charge_max_kwac
1
1
1
1
0
batt_power_charge_max_kwdc
1
1
1
1
0
batt_power_discharge_max_kwac
1
1
1
1
0
batt_power_discharge_max_kwdc
1
1
1
1
0
batt_pv_ac_forecast
1
2
1
1
0
batt_pv_clipping_forecast
1
2
1
1
0
batt_pvs_user_specified_weather_file
1
4
0
batt_replacement_capacity
1
1
1
1
0
batt_replacement_option
1
1
1
1
0
batt_replacement_schedule_percent
1
2
1
1
0
batt_resistance
1
1
1
1
0.1
batt_room_temperature_celsius
1
2
1
1
20
batt_room_temperature_single
1
1
1
1
20
batt_room_temperature_vector
1
2
1
1
0
batt_salvage_percentage
1
1
1
1
0
batt_salvage_value
1
1
1
1
0
batt_size_choice
1
1
1
1
0
batt_specific_energy_per_mass
1
1
1
1
150
batt_specific_energy_per_volume
1
1
1
1
300
batt_surface_area
1
1
1
1
0
batt_thermal_choice
1
1
1
1
0
batt_time_capacity
1
1
1
1
0
batt_type
1
1
1
1
0
batt_ui_bank_voltage
1
1
1
1
0
batt_ui_cell_voltage
1
1
1
1
3.2
batt_ui_inverter_eff
1
1
1
1
96
batt_ui_nominal_bank_power
1
1
1
1
0
batt_unit_capacity
1
1
1
1
400
batt_unit_surface_area
1
1
1
1
30
batt_user_specified_weather_file
1
4
0
batt_voltage_choice
1
1
1
1
0
batt_voltage_matrix
1
3
6
2
0 1.2 
20 1.1 
40 1.05 
60 1 
80 0.95 
100 0.5 

batt_volume
1
1
1
1
0
battery_losses_shown
1
1
1
1
0
battery_thermal_shown
1
1
1
1
0
battery_voltage_shown
1
1
1
1
0
bearings_cost
1
1
1
1
0
bend_restrictors_cost
1
1
1
1
0
bend_stiffeners_cost
1
1
1
1
0
blades_rotor_assembly_cost
1
1
1
1
0
building_facilities_cost
1
1
1
1
0
buoyancy_chamber_cost
1
1
1
1
0
cable_accessories_and_jointing_cost
1
1
1
1
0
cable_mattresses_cost
1
1
1
1
0
cable_protection_cost
1
1
1
1
0
cable_protection_cost_total
1
1
1
1
0
cable_protection_cost_total_check
1
1
1
1
0
cable_system_overbuild
1
1
1
1
10
cap_vs_temp
1
3
4
2
-15 65 
0 85 
25 100 
40 104 

capex_check
1
1
1
1
6.47579e+06
carrying_cost_during_construction_cost
1
1
1
1
0
cathodic_protection_system_cost
1
1
1
1
0
cbi_fed_amount
1
1
1
1
0
cbi_fed_deprbas_fed
1
1
1
1
0
cbi_fed_deprbas_sta
1
1
1
1
0
cbi_fed_maxvalue
1
1
1
1
0
cbi_fed_tax_fed
1
1
1
1
1
cbi_fed_tax_sta
1
1
1
1
1
cbi_oth_amount
1
1
1
1
0
cbi_oth_deprbas_fed
1
1
1
1
0
cbi_oth_deprbas_sta
1
1
1
1
0
cbi_oth_maxvalue
1
1
1
1
0
cbi_oth_tax_fed
1
1
1
1
1
cbi_oth_tax_sta
1
1
1
1
1
cbi_sta_amount
1
1
1
1
0
cbi_sta_deprbas_fed
1
1
1
1
0
cbi_sta_deprbas_sta
1
1
1
1
0
cbi_sta_maxvalue
1
1
1
1
0
cbi_sta_tax_fed
1
1
1
1
1
cbi_sta_tax_sta
1
1
1
1
1
cbi_uti_amount
1
1
1
1
0
cbi_uti_deprbas_fed
1
1
1
1
0
cbi_uti_deprbas_sta
1
1
1
1
0
cbi_uti_maxvalue
1
1
1
1
0
cbi_uti_tax_fed
1
1
1
1
1
cbi_uti_tax_sta
1
1
1
1
1
chk_update_peaks
1
1
1
1
0
civil_infrastructure_cost
1
1
1
1
0
closing_costs_cost
1
1
1
1
0
coatings_cost
1
1
1
1
0
coatings_cost_total
1
1
1
1
0
coatings_pto_cost
1
1
1
1
0
coatings_pto_cost_total
1
1
1
1
0
compute_as_cube
1
1
1
1
1
condition_monitoring_cost
1
1
1
1
0
condition_monitoring_operations_cost
1
1
1
1
0
connecting_hardware_cost
1
1
1
1
0
const_per_interest1
1
1
1
1
0
const_per_interest2
1
1
1
1
0
const_per_interest3
1
1
1
1
0
const_per_interest4
1
1
1
1
0
const_per_interest5
1
1
1
1
0
const_per_interest_rate1
1
1
1
1
0
const_per_interest_rate2
1
1
1
1
0
const_per_interest_rate3
1
1
1
1
0
const_per_interest_rate4
1
1
1
1
0
const_per_interest_rate5
1
1
1
1
0
const_per_interest_total
1
1
1
1
0
const_per_months1
1
1
1
1
0
const_per_months2
1
1
1
1
0
const_per_months3
1
1
1
1
0
const_per_months4
1
1
1
1
0
const_per_months5
1
1
1
1
0
const_per_name1
1
4
6
Loan 1
const_per_name2
1
4
6
Loan 2
const_per_name3
1
4
6
Loan 3
const_per_name4
1
4
6
Loan 4
const_per_name5
1
4
6
Loan 5
const_per_percent1
1
1
1
1
0
const_per_percent2
1
1
1
1
0
const_per_percent3
1
1
1
1
0
const_per_percent4
1
1
1
1
0
const_per_percent5
1
1
1
1
0
const_per_percent_total
1
1
1
1
0
const_per_principal1
1
1
1
1
0
const_per_principal2
1
1
1
1
0
const_per_principal3
1
1
1
1
0
const_per_principal4
1
1
1
1
0
const_per_principal5
1
1
1
1
0
const_per_principal_total
1
1
1
1
0
const_per_total1
1
1
1
1
0
const_per_total2
1
1
1
1
0
const_per_total3
1
1
1
1
0
const_per_total4
1
1
1
1
0
const_per_total5
1
1
1
1
0
const_per_upfront_rate1
1
1
1
1
0
const_per_upfront_rate2
1
1
1
1
0
const_per_upfront_rate3
1
1
1
1
0
const_per_upfront_rate4
1
1
1
1
0
const_per_upfront_rate5
1
1
1
1
0
construction_financing_cost
1
1
1
1
0
construction_management_cost
1
1
1
1
0
construction_management_cost_total
1
1
1
1
0
construction_management_cost_total_check
1
1
1
1
0
cooling_system_cost
1
1
1
1
0
cooling_system_gearbox_cost
1
1
1
1
0
cost_debt_closing
1
1
1
1
0
cost_debt_fee
1
1
1
1
0
cost_other_financing
1
1
1
1
0
cp_battery_nameplate
1
1
1
1
0
cp_capacity_credit_percent
1
2
1
1
0
cp_capacity_payment_amount
1
2
1
1
0
cp_capacity_payment_esc
1
1
1
1
0
cp_capacity_payment_type
1
1
1
1
0
cp_system_nameplate
1
1
1
1
0.286
cranage_cost
1
1
1
1
0
data_source
1
4
9
<invalid>
debt_message
1
4
0
debt_option
1
1
1
1
1
debt_percent
1
1
1
1
50
debt_service_reserve_account_cost
1
1
1
1
0
decommissioning_reserve_account_cost
1
1
1
1
0
dedicated_om_vessel_cost
1
1
1
1
0
degradation
1
2
1
1
0
depr_alloc_custom_percent
1
1
1
1
0
depr_alloc_macrs_15_percent
1
1
1
1
0
depr_alloc_macrs_5_percent
1
1
1
1
100
depr_alloc_none
1
1
1
1
0
depr_alloc_sl_15_percent
1
1
1
1
0
depr_alloc_sl_20_percent
1
1
1
1
0
depr_alloc_sl_39_percent
1
1
1
1
0
depr_alloc_sl_5_percent
1
1
1
1
0
depr_bonus_fed
1
1
1
1
0
depr_bonus_fed_custom
1
1
1
1
0
depr_bonus_fed_macrs_15
1
1
1
1
0
depr_bonus_fed_macrs_5
1
1
1
1
1
depr_bonus_fed_sl_15
1
1
1
1
0
depr_bonus_fed_sl_20
1
1
1
1
0
depr_bonus_fed_sl_39
1
1
1
1
0
depr_bonus_fed_sl_5
1
1
1
1
0
depr_bonus_sta
1
1
1
1
0
depr_bonus_sta_custom
1
1
1
1
0
depr_bonus_sta_macrs_15
1
1
1
1
0
depr_bonus_sta_macrs_5
1
1
1
1
0
depr_bonus_sta_sl_15
1
1
1
1
0
depr_bonus_sta_sl_20
1
1
1
1
0
depr_bonus_sta_sl_39
1
1
1
1
0
depr_bonus_sta_sl_5
1
1
1
1
0
depr_custom_schedule
1
2
1
1
0
depr_fedbas_method
1
1
1
1
1
depr_itc_fed_custom
1
1
1
1
0
depr_itc_fed_macrs_15
1
1
1
1
0
depr_itc_fed_macrs_5
1
1
1
1
0
depr_itc_fed_sl_15
1
1
1
1
0
depr_itc_fed_sl_20
1
1
1
1
0
depr_itc_fed_sl_39
1
1
1
1
0
depr_itc_fed_sl_5
1
1
1
1
0
depr_itc_sta_custom
1
1
1
1
0
depr_itc_sta_macrs_15
1
1
1
1
0
depr_itc_sta_macrs_5
1
1
1
1
0
depr_itc_sta_sl_15
1
1
1
1
0
depr_itc_sta_sl_20
1
1
1
1
0
depr_itc_sta_sl_39
1
1
1
1
0
depr_itc_sta_sl_5
1
1
1
1
0
depr_stabas_method
1
1
1
1
1
desired_array_size
1
1
1
1
0
detailed_cost_choice_air_turbine
1
1
1
1
0
detailed_cost_choice_ancillary_marine_systems
1
1
1
1
0
detailed_cost_choice_annual_leases
1
1
1
1
0
detailed_cost_choice_array_cables
1
1
1
1
0
detailed_cost_choice_cable_protection
1
1
1
1
0
detailed_cost_choice_construction_management
1
1
1
1
0
detailed_cost_choice_electrical_generator
1
1
1
1
0
detailed_cost_choice_env_health_safety
1
1
1
1
0
detailed_cost_choice_export_cables
1
1
1
1
0
detailed_cost_choice_financing_incentive
1
1
1
1
0
detailed_cost_choice_gearbox
1
1
1
1
0
detailed_cost_choice_gen_admin
1
1
1
1
0
detailed_cost_choice_health_safety
1
1
1
1
0
detailed_cost_choice_hydraulic_drivetrain
1
1
1
1
0
detailed_cost_choice_initial_engineering
1
1
1
1
0
detailed_cost_choice_interconnection
1
1
1
1
0
detailed_cost_choice_marine_systems
1
1
1
1
0
detailed_cost_choice_mec_device
1
1
1
1
0
detailed_cost_choice_offshore_infrastructure
1
1
1
1
0
detailed_cost_choice_offshore_substation
1
1
1
1
0
detailed_cost_choice_onshore_infrastructure
1
1
1
1
0
detailed_cost_choice_onshore_substation
1
1
1
1
0
detailed_cost_choice_onshore_transmission_infrastructure
1
1
1
1
0
detailed_cost_choice_outfitting_structure
1
1
1
1
0
detailed_cost_choice_permitting_leasing
1
1
1
1
0
detailed_cost_choice_port_fees
1
1
1
1
0
detailed_cost_choice_power_electronics
1
1
1
1
0
detailed_cost_choice_project_management
1
1
1
1
0
detailed_cost_choice_reserve_accounts
1
1
1
1
0
detailed_cost_choice_scheduled_maintenance
1
1
1
1
0
detailed_cost_choice_site_characterization
1
1
1
1
0
detailed_cost_choice_site_selection
1
1
1
1
0
detailed_cost_choice_staging_port
1
1
1
1
0
detailed_cost_choice_struct_assem
1
1
1
1
0
detailed_cost_choice_substructures
1
1
1
1
0
detailed_cost_choice_unscheduled_maintenance
1
1
1
1
0
detailed_cost_modeled_array_cables
1
1
1
1
0
detailed_cost_modeled_export_cables
1
1
1
1
0
detailed_cost_modeled_offshore_substation
1
1
1
1
0
detailed_cost_modeled_onshore_substation
1
1
1
1
0
detailed_cost_modeled_other_elec_infras
1
1
1
1
0
detailed_design_and_construction_eng_cost
1
1
1
1
0
detailed_design_and_construction_eng_cost_total
1
1
1
1
0
development_cost
1
1
1
1
1.73158e+06
development_cost_input
1
1
1
1
0
development_cost_method
1
1
1
1
2
development_cost_modeled
1
1
1
1
1.73158e+06
development_cost_total
1
1
1
1
0
development_override
1
1
1
1
0
development_shown
1
1
1
1
0
device_characteristic_diameter
1
1
1
1
20
device_cost_input
1
1
1
1
0
device_cost_override
1
1
1
1
0
device_costs_total
1
1
1
1
2.36723e+06
device_costs_total_display
1
1
1
1
0
device_costs_total_mill
1
1
1
1
2.36723
device_foundation
1
4
8
Floating
device_mass
1
1
1
1
687
device_material
1
4
9
A36 Steel
device_mooring
1
4
13
Slack Mooring
device_pto_type
1
4
20
Hydraulic Drivetrain
device_rated_power
1
1
1
1
286
device_spacing_in_row
1
1
1
1
600
device_tech_type
1
4
12
Heaving Buoy
devices_per_row
1
1
1
1
1
dispatch_data_filename
1
4
0
dispatch_factor1
1
1
1
1
1
dispatch_factor2
1
1
1
1
1
dispatch_factor3
1
1
1
1
1
dispatch_factor4
1
1
1
1
1
dispatch_factor5
1
1
1
1
1
dispatch_factor6
1
1
1
1
1
dispatch_factor7
1
1
1
1
1
dispatch_factor8
1
1
1
1
1
dispatch_factor9
1
1
1
1
1
dispatch_factors_ts
1
2
1
8147
0 0.7 0.7 0.7 0.7 0.7 0.8 0.8 1.1 1.1 1.1 1.1 1.1 1.1 1.1 1.1 1.1 1.1 1.1 1.1 1.1 0.8 0.8 0.8 0.7 0.7 0.7 0.7 0.7 0.7 0.8 0.8 1.1 1.1 1.1 1.1 1.1 1.1 1.1 1.1 1.1 1.1 1.1 1.1 1.1 0.8 0.8 0.8 0.7 0.7 0.7 0.7 0.7 0.7 0.8 0.8 1.1 1.1 1.1 1.1 1.1 1.1 1.1 1.1 1.1 1.1 1.1 1.1 1.1 0.8 0.8 0.8 0.7 0.7 0.7 0.7 0.7 0.7 0.8 0.8 1.1 1.1 1.1 1.1 1.1 1.1 1.1 1.1 1.1 1.1 1.1 1.1 1.1 0.8 0.8 0.8 0.7 0.7 0.7 0.7 0.7 0.7 0.8 0.8 1.1 1.1 1.1 1.1 1.1 1.1 1.1 1.1 1.1 1.1 1.1 1.1 1.1 0.8 0.8 0.8 0.7 0.7 0.7 0.7 0.7 0.7 0.8 0.8 0.8 0.8 0.8 0.8 0.8 0.8 0.8 0.8 0.8 0.8 0.8 0.8 0.8 0.8 0.8 0.8 0.7 0.7 0.7 0.7 0.7 0.7 0.8 0.8 0.8 0.8 0.8 0.8 0.8 0.8 0.8 0.8 0.8 0.8 0.8 0.8 0.8 0.8 0.8 0.8 0.7 0.7 0.7 0.7 0.7 0.7 0.8 0.8 1.1 1.1 1.1 1.1 1.1 1.1 1.1 1.1 1.1 1.1 1.1 1.1 1.1 0.8 0.8 0.8 0.7 0.7 0.7 0.7 0.7 0.7 0.8 0.8 1.1 1.1 1.1 1.1 1.1 1.1 1.1 1.1 1.1 1.1 1.1 1.1 1.1 0.8 0.8 0.8 0.7 0.7 0.7 0.7 0.7 0.7 0.8 0.8 1.1 1.1 1.1 1.1 1.1 1.1 1.1 1.1 1.1 1.1 1.1 1.1 1.1 0.8 0.8 0.8 0.7 0.7 0.7 0.7 0.7 0.7 0.8 0.8 1.1 1.1 1.1 1.1 1.1 1.1 1.1 1.1 1.1 1.1 1.1 1.1 1.1 0.8 0.8 0.8 0.7 0.7 0.7 0.7 0.7 0.7 0.8 0.8 1.1 1.1 1.1 1.1 1.1 1.1 1.1 1.1 1.1 1.1 1.1 1.1 1.1 0.8 0.8 0.8 0.7 0.7 0.7 0.7 0.7 0.7 0.8 0.8 0.8 0.8 0.8 0.8 0.8 0.8 0.8 0.8 0.8 0.8 0.8 0.8 0.8 0.8 0.8 0.8 0.7 0.7 0.7 0.7 0.7 0.7 0.8 0.8 0.8 0.8 0.8 0.8 0.8 0.8 0.8 0.8 0.8 0.8 0.8 0.8 0.8 0.8 0.8 0.8 0.7 0.7 0.7 0.7 0.7 0.7 0.8 0.8 1.1 1.1 1.1 1.1 1.1 1.1 1.1 1.1 1.1 1.1 1.1 1.1 1.1 0.8 0.8 0.8 0.7 0.7 0.7 0.7 0.7 0.7 0.8 0.8 1.1 1.1 1.1 1.1 1.1 1.1 1.1 1.1 1.1 1.1 1.1 1.1 1.1 0.8 0.8 0.8 0.7 0.7 0.7 0.7 0.7 0.7 0.8 0.8 1.1 1.1 1.1 1.1 1.1 1.1 1.1 1.1 1.1 1.1 1.1 1.1 1.1 0.8 0.8 0.8 0.7 0.7 0.7 0.7 0.7 0.7 0.8 0.8 1.1 1.1 1.1 1.1 1.1 1.1 1.1 1.1 1.1 1.1 1.1 1.1 1.1 0.8 0.8 0.8 0.7 0.7 0.7 0.7 0.7 0.7 0.8 0.8 1.1 1.1 1.1 1.1 1.1 1.1 1.1 1.1 1.1 1.1 1.1 1.1 1.1 0.8 0.8 0.8 0.7 0.7 0.7 0.7 0.7 0.7 0.8 0.8 0.8 0.8 0.8 0.8 0.8 0.8 0.8 0.8 0.8 0.8 0.8 0.8 0.8 0.8 0.8 0.8 0.7 0.7 0.7 0.7 0.7 0.7 0.8 0.8 0.8 0.8 0.8 0.8 0.8 0.8 0.8 0.8 0.8 0.8 0.8 0.8 0.8 0.8 0.8 0.8 0.7 0.7 0.7 0.7 0.7 0.7 0.8 0.8 1.1 1.1 1.1 1.1 1.1 1.1 1.1 1.1 1.1 1.1 1.1 1.1 1.1 0.8 0.8 0.8 0.7 0.7 0.7 0.7 0.7 0.7 0.8 0.8 1.1 1.1 1.1 1.1 1.1 1.1 1.1 1.1 1.1 1.1 1.1 1.1 1.1 0.8 0.8 0.8 0.7 0.7 0.7 0.7 0.7 0.7 0.8 0.8 1.1 1.1 1.1 1.1 1.1 1.1 1.1 1.1 1.1 1.1 1.1 1.1 1.1 0.8 0.8 0.8 0.7 0.7 0.7 0.7 0.7 0.7 0.8 0.8 1.1 1.1 1.1 1.1 1.1 1.1 1.1 1.1 1.1 1.1 1.1 1.1 1.1 0.8 0.8 0.8 0.7 0.7 0.7 0.7 0.7 0.7 0.8 0.8 1.1 1.1 1.1 1.1 1.1 1.1 1.1 1.1 1.1 1.1 1.1 1.1 1.1 0.8 0.8 0.8 0.7 0.7 0.7 0.7 0.7 0.7 0.8 0.8 0.8 0.8 0.8 0.8 0.8 0.8 0.8 0.8 0.8 0.8 0.8 0.8 0.8 0.8 0.8 0.8 0.7 0.7 0.7 0.7 0.7 0.7 0.8 0.8 0.8 0.8 0.8 0.8 0.8 0.8 0.8 0.8 0.8 0.8 0.8 0.8 0.8 0.8 0.8 0.8 0.7 0.7 0.7 0.7 0.7 0.7 0.8 0.8 1.1 1.1 1.1 1.1 1.1 1.1 1.1 1.1 1.1 1.1 1.1 1.1 1.1 0.8 0.8 0.8 0.7 0.7 0.7 0.7 0.7 0.7 0.8 0.8 1.1 1.1 1.1 1.1 1.1 1.1 1.1 1.1 1.1 1.1 1.1 1.1 1.1 0.8 0.8 0.8 0.7 0.7 0.7 0.7 0.7 0.7 0.8 0.8 1.1 1.1 1.1 1.1 1.1 1.1 1.1 1.1 1.1 1.1 1.1 1.1 1.1 0.8 0.8 0.8 0.7 0.7 0.7 0.7 0.7 0.7 0.8 0.8 1.1 1.1 1.1 1.1 1.1 1.1 1.1 1.1 1.1 1.1 1.1 1.1 1.1 0.8 0.8 0.8 0.7 0.7 0.7 0.7 0.7 0.7 0.8 0.8 1.1 1.1 1.1 1.1 1.1 1.1 1.1 1.1 1.1 1.1 1.1 1.1 1.1 0.8 0.8 0.8 0.7 0.7 0.7 0.7 0.7 0.7 0.8 0.8 0.8 0.8 0.8 0.8 0.8 0.8 0.8 0.8 0.8 0.8 0.8 0.8 0.8 0.8 0.8 0.8 0.7 0.7 0.7 0.7 0.7 0.7 0.8 0.8 0.8 0.8 0.8 0.8 0.8 0.8 0.8 0.8 0.8 0.8 0.8 0.8 0.8 0.8 0.8 0.8 0.7 0.7 0.7 0.7 0.7 0.7 0.8 0.8 1.1 1.1 1.1 1.1 1.1 1.1 1.1 1.1 1.1 1.1 1.1 1.1 1.1 0.8 0.8 0.8 0.7 0.7 0.7 0.7 0.7 0.7 0.8 0.8 1.1 1.1 1.1 1.1 1.1 1.1 1.1 1.1 1.1 1.1 1.1 1.1 1.1 0.8 0.8 0.8 0.7 0.7 0.7 0.7 0.7 0.7 0.8 0.8 1.1 1.1 1.1 1.1 1.1 1.1 1.1 1.1 1.1 1.1 1.1 1.1 1.1 0.8 0.8 0.8 0.7 0.7 0.7 0.7 0.7 0.7 0.8 0.8 1.1 1.1 1.1 1.1 1.1 1.1 1.1 1.1 1.1 1.1 1.1 1.1 1.1 0.8 0.8 0.8 0.7 0.7 0.7 0.7 0.7 0.7 0.8 0.8 1.1 1.1 1.1 1.1 1.1 1.1 1.1 1.1 1.1 1.1 1.1 1.1 1.1 0.8 0.8 0.8 0.7 0.7 0.7 0.7 0.7 0.7 0.8 0.8 0.8 0.8 0.8 0.8 0.8 0.8 0.8 0.8 0.8 0.8 0.8 0.8 0.8 0.8 0.8 0.8 0.7 0.7 0.7 0.7 0.7 0.7 0.8 0.8 0.8 0.8 0.8 0.8 0.8 0.8 0.8 0.8 0.8 0.8 0.8 0.8 0.8 0.8 0.8 0.8 0.7 0.7 0.7 0.7 0.7 0.7 0.8 0.8 1.1 1.1 1.1 1.1 1.1 1.1 1.1 1.1 1.1 1.1 1.1 1.1 1.1 0.8 0.8 0.8 0.7 0.7 0.7 0.7 0.7 0.7 0.8 0.8 1.1 1.1 1.1 1.1 1.1 1.1 1.1 1.1 1.1 1.1 1.1 1.1 1.1 0.8 0.8 0.8 0.7 0.7 0.7 0.7 0.7 0.7 0.8 0.8 1.1 1.1 1.1 1.1 1.1 1.1 1.1 1.1 1.1 1.1 1.1 1.1 1.1 0.8 0.8 0.8 0.7 0.7 0.7 0.7 0.7 0.7 0.8 0.8 1.1 1.1 1.1 1.1 1.1 1.1 1.1 1.1 1.1 1.1 1.1 1.1 1.1 0.8 0.8 0.8 0.7 0.7 0.7 0.7 0.7 0.7 0.8 0.8 1.1 1.1 1.1 1.1 1.1 1.1 1.1 1.1 1.1 1.1 1.1 1.1 1.1 0.8 0.8 0.8 0.7 0.7 0.7 0.7 0.7 0.7 0.8 0.8 0.8 0.8 0.8 0.8 0.8 0.8 0.8 0.8 0.8 0.8 0.8 0.8 0.8 0.8 0.8 0.8 0.7 0.7 0.7 0.7 0.7 0.7 0.8 0.8 0.8 0.8 0.8 0.8 0.8 0.8 0.8 0.8 0.8 0.8 0.8 0.8 0.8 0.8 0.8 0.8 0.7 0.7 0.7 0.7 0.7 0.7 0.8 0.8 1.1 1.1 1.1 1.1 1.1 1.1 1.1 1.1 1.1 1.1 1.1 1.1 1.1 0.8 0.8 0.8 0.7 0.7 0.7 0.7 0.7 0.7 0.8 0.8 1.1 1.1 1.1 1.1 1.1 1.1 1.1 1.1 1.1 1.1 1.1 1.1 1.1 0.8 0.8 0.8 0.7 0.7 0.7 0.7 0.7 0.7 0.8 0.8 1.1 1.1 1.1 1.1 1.1 1.1 1.1 1.1 1.1 1.1 1.1 1.1 1.1 0.8 0.8 0.8 0.7 0.7 0.7 0.7 0.7 0.7 0.8 0.8 1.1 1.1 1.1 1.1 1.1 1.1 1.1 1.1 1.1 1.1 1.1 1.1 1.1 0.8 0.8 0.8 0.7 0.7 0.7 0.7 0.7 0.7 0.8 0.8 1.1 1.1 1.1 1.1 1.1 1.1 1.1 1.1 1.1 1.1 1.1 1.1 1.1 0.8 0.8 0.8 0.7 0.7 0.7 0.7 0.7 0.7 0.8 0.8 0.8 0.8 0.8 0.8 0.8 0.8 0.8 0.8 0.8 0.8 0.8 0.8 0.8 0.8 0.8 0.8 0.7 0.7 0.7 0.7 0.7 0.7 0.8 0.8 0.8 0.8 0.8 0.8 0.8 0.8 0.8 0.8 0.8 0.8 0.8 0.8 0.8 0.8 0.8 0.8 0.7 0.7 0.7 0.7 0.7 0.7 0.8 0.8 1.1 1.1 1.1 1.1 1.1 1.1 1.1 1.1 1.1 1.1 1.1 1.1 1.1 0.8 0.8 0.8 0.7 0.7 0.7 0.7 0.7 0.7 0.8 0.8 1.1 1.1 1.1 1.1 1.1 1.1 1.1 1.1 1.1 1.1 1.1 1.1 1.1 0.8 0.8 0.8 0.7 0.7 0.7 0.7 0.7 0.7 0.8 0.8 1.1 1.1 1.1 1.1 1.1 1.1 1.1 1.1 1.1 1.1 1.1 1.1 1.1 0.8 0.8 0.8 0.7 0.7 0.7 0.7 0.7 0.7 0.8 0.8 1.1 1.1 1.1 1.1 1.1 1.1 1.1 1.1 1.1 1.1 1.1 1.1 1.1 0.8 0.8 0.8 0.7 0.7 0.7 0.7 0.7 0.7 0.8 0.8 1.1 1.1 1.1 1.1 1.1 1.1 1.1 1.1 1.1 1.1 1.1 1.1 1.1 0.8 0.8 0.8 0.7 0.7 0.7 0.7 0.7 0.7 0.8 0.8 0.8 0.8 0.8 0.8 0.8 0.8 0.8 0.8 0.8 0.8 0.8 0.8 0.8 0.8 0.8 0.8 0.7 0.7 0.7 0.7 0.7 0.7 0.8 0.8 0.8 0.8 0.8 0.8 0.8 0.8 0.8 0.8 0.8 0.8 0.8 0.8 0.8 0.8 0.8 0.8 0.7 0.7 0.7 0.7 0.7 0.7 0.8 0.8 1.1 1.1 1.1 1.1 1.1 1.1 1.1 1.1 1.1 1.1 1.1 1.1 1.1 0.8 0.8 0.8 0.7 0.7 0.7 0.7 0.7 0.7 0.8 0.8 1.1 1.1 1.1 1.1 1.1 1.1 1.1 1.1 1.1 1.1 1.1 1.1 1.1 0.8 0.8 0.8 0.7 0.7 0.7 0.7 0.7 0.7 0.8 0.8 1.1 1.1 1.1 1.1 1.1 1.1 1.1 1.1 1.1 1.1 1.1 1.1 1.1 0.8 0.8 0.8 0.7 0.7 0.7 0.7 0.7 0.7 0.8 0.8 1.1 1.1 1.1 1.1 1.1 1.1 1.1 1.1 1.1 1.1 1.1 1.1 1.1 0.8 0.8 0.8 0.7 0.7 0.7 0.7 0.7 0.7 0.8 0.8 1.1 1.1 1.1 1.1 1.1 1.1 1.1 1.1 1.1 1.1 1.1 1.1 1.1 0.8 0.8 0.8 0.7 0.7 0.7 0.7 0.7 0.7 0.8 0.8 0.8 0.8 0.8 0.8 0.8 0.8 0.8 0.8 0.8 0.8 0.8 0.8 0.8 0.8 0.8 0.8 0.7 0.7 0.7 0.7 0.7 0.7 0.8 0.8 0.8 0.8 0.8 0.8 0.8 0.8 0.8 0.8 0.8 0.8 0.8 0.8 0.8 0.8 0.8 0.8 0.7 0.7 0.7 0.7 0.7 0.7 0.8 0.8 1.1 1.1 1.1 1.1 1.1 1.1 1.1 1.1 1.1 1.1 1.1 1.1 1.1 0.8 0.8 0.8 0.7 0.7 0.7 0.7 0.7 0.7 0.8 0.8 1.1 1.1 1.1 1.1 1.1 1.1 1.1 1.1 1.1 1.1 1.1 1.1 1.1 0.8 0.8 0.8 0.7 0.7 0.7 0.7 0.7 0.7 0.8 0.8 1.1 1.1 1.1 1.1 1.1 1.1 1.1 1.1 1.1 1.1 1.1 1.1 1.1 0.8 0.8 0.8 0.7 0.7 0.7 0.7 0.7 0.7 0.8 0.8 1.1 1.1 1.1 1.1 1.1 1.1 1.1 1.1 1.1 1.1 1.1 1.1 1.1 0.8 0.8 0.8 0.7 0.7 0.7 0.7 0.7 0.7 0.8 0.8 1.1 1.1 1.1 1.1 1.1 1.1 1.1 1.1 1.1 1.1 1.1 1.1 1.1 0.8 0.8 0.8 0.7 0.7 0.7 0.7 0.7 0.7 0.8 0.8 0.8 0.8 0.8 0.8 0.8 0.8 0.8 0.8 0.8 0.8 0.8 0.8 0.8 0.8 0.8 0.8 0.7 0.7 0.7 0.7 0.7 0.7 0.8 0.8 0.8 0.8 0.8 0.8 0.8 0.8 0.8 0.8 0.8 0.8 0.8 0.8 0.8 0.8 0.8 0.8 0.7 0.7 0.7 0.7 0.7 0.7 0.8 0.8 1.1 1.1 1.1 1.1 1.1 1.1 1.1 1.1 1.1 1.1 1.1 1.1 1.1 0.8 0.8 0.8 0.7 0.7 0.7 0.7 0.7 0.7 0.8 0.8 1.1 1.1 1.1 1.1 1.1 1.1 1.1 1.1 1.1 1.1 1.1 1.1 1.1 0.8 0.8 0.8 0.7 0.7 0.7 0.7 0.7 0.7 0.8 0.8 1.1 1.1 1.1 1.1 1.1 1.1 1.1 1.1 1.1 1.1 1.1 1.1 1.1 0.8 0.8 0.8 0.7 0.7 0.7 0.7 0.7 0.7 0.8 0.8 1.1 1.1 1.1 1.1 1.1 1.1 1.1 1.1 1.1 1.1 1.1 1.1 1.1 0.8 0.8 0.8 0.7 0.7 0.7 0.7 0.7 0.7 0.8 0.8 1.1 1.1 1.1 1.1 1.1 1.1 1.1 1.1 1.1 1.1 1.1 1.1 1.1 0.8 0.8 0.8 0.7 0.7 0.7 0.7 0.7 0.7 0.8 0.8 0.8 0.8 0.8 0.8 0.8 0.8 0.8 0.8 0.8 0.8 0.8 0.8 0.8 0.8 0.8 0.8 0.7 0.7 0.7 0.7 0.7 0.7 0.8 0.8 0.8 0.8 0.8 0.8 0.8 0.8 0.8 0.8 0.8 0.8 0.8 0.8 0.8 0.8 0.8 0.8 0.7 0.7 0.7 0.7 0.7 0.7 0.8 0.8 1.1 1.1 1.1 1.1 1.1 1.1 1.1 1.1 1.1 1.1 1.1 1.1 1.1 0.8 0.8 0.8 0.7 0.7 0.7 0.7 0.7 0.7 0.8 0.8 1.1 1.1 1.1 1.1 1.1 1.1 1.1 1.1 1.1 1.1 1.1 1.1 1.1 0.8 0.8 0.8 0.7 0.7 0.7 0.7 0.7 0.7 0.8 0.8 1.1 1.1 1.1 1.1 1.1 1.1 1.1 1.1 1.1 1.1 1.1 1.1 1.1 0.8 0.8 0.8 0.7 0.7 0.7 0.7 0.7 0.7 0.8 0.8 1.1 1.1 1.1 1.1 1.1 1.1 1.1 1.1 1.1 1.1 1.1 1.1 1.1 0.8 0.8 0.8 0.7 0.7 0.7 0.7 0.7 0.7 0.8 0.8 1.1 1.1 1.1 1.1 1.1 1.1 1.1 1.1 1.1 1.1 1.1 1.1 1.1 0.8 0.8 0.8 0.7 0.7 0.7 0.7 0.7 0.7 0.8 0.8 0.8 0.8 0.8 0.8 0.8 0.8 0.8 0.8 0.8 0.8 0.8 0.8 0.8 0.8 0.8 0.8 0.7 0.7 0.7 0.7 0.7 0.7 0.8 0.8 0.8 0.8 0.8 0.8 0.8 0.8 0.8 0.8 0.8 0.8 0.8 0.8 0.8 0.8 0.8 0.8 0.7 0.7 0.7 0.7 0.7 0.7 0.8 0.8 1.1 1.1 1.1 1.1 1.1 1.1 1.1 1.1 1.1 1.1 1.1 1.1 1.1 0.8 0.8 0.8 0.7 0.7 0.7 0.7 0.7 0.7 0.8 0.8 1.1 1.1 1.1 1.1 1.1 1.1 1.1 1.1 1.1 1.1 1.1 1.1 1.1 0.8 0.8 0.8 0.7 0.7 0.7 0.7 0.7 0.7 0.8 0.8 1.1 1.1 1.1 1.1 1.1 1.1 1.1 1.1 1.1 1.1 1.1 1.1 1.1 0.8 0.8 0.8 0.7 0.7 0.7 0.7 0.7 0.7 0.8 0.8 1.1 1.1 1.1 1.1 1.1 1.1 1.1 1.1 1.1 1.1 1.1 1.1 1.1 0.8 0.8 0.8 0.7 0.7 0.7 0.7 0.7 0.7 0.8 0.8 1.1 1.1 1.1 1.1 1.1 1.1 1.1 1.1 1.1 1.1 1.1 1.1 1.1 0.8 0.8 0.8 0.7 0.7 0.7 0.7 0.7 0.7 0.8 0.8 0.8 0.8 0.8 0.8 0.8 0.8 0.8 0.8 0.8 0.8 0.8 0.8 0.8 0.8 0.8 0.8 0.7 0.7 0.7 0.7 0.7 0.7 0.8 0.8 0.8 0.8 0.8 0.8 0.8 0.8 0.8 0.8 0.8 0.8 0.8 0.8 0.8 0.8 0.8 0.8 0.7 0.7 0.7 0.7 0.7 0.7 0.8 0.8 1.1 1.1 1.1 1.1 1.1 1.1 1.1 1.1 1.1 1.1 1.1 1.1 1.1 0.8 0.8 0.8 0.7 0.7 0.7 0.7 0.7 0.7 0.8 0.8 1.1 1.1 1.1 1.1 1.1 1.1 1.1 1.1 1.1 1.1 1.1 1.1 1.1 0.8 0.8 0.8 0.7 0.7 0.7 0.7 0.7 0.7 0.8 0.8 1.1 1.1 1.1 1.1 1.1 1.1 1.1 1.1 1.1 1.1 1.1 1.1 1.1 0.8 0.8 0.8 0.7 0.7 0.7 0.7 0.7 0.7 0.8 0.8 1.1 1.1 1.1 1.1 1.1 1.1 1.1 1.1 1.1 1.1 1.1 1.1 1.1 0.8 0.8 0.8 0.7 0.7 0.7 0.7 0.7 0.7 0.8 0.8 1.1 1.1 1.1 1.1 1.1 1.1 1.1 1.1 1.1 1.1 1.1 1.1 1.1 0.8 0.8 0.8 0.7 0.7 0.7 0.7 0.7 0.7 0.8 0.8 0.8 0.8 0.8 0.8 0.8 0.8 0.8 0.8 0.8 0.8 0.8 0.8 0.8 0.8 0.8 0.8 0.7 0.7 0.7 0.7 0.7 0.7 0.8 0.8 0.8 0.8 0.8 0.8 0.8 0.8 0.8 0.8 0.8 0.8 0.8 0.8 0.8 0.8 0.8 0.8 0.7 0.7 0.7 0.7 0.7 0.7 0.8 0.8 1.1 1.1 1.1 1.1 1.1 1.1 1.1 1.1 1.1 1.1 1.1 1.1 1.1 0.8 0.8 0.8 0.7 0.7 0.7 0.7 0.7 0.7 0.8 0.8 1.1 1.1 1.1 1.1 1.1 1.1 1.1 1.1 1.1 1.1 1.1 1.1 1.1 0.8 0.8 0.8 0.7 0.7 0.7 0.7 0.7 0.7 0.8 0.8 1.1 1.1 1.1 1.1 1.1 1.1 1.1 1.1 1.1 1.1 1.1 1.1 1.1 0.8 0.8 0.8 0.7 0.7 0.7 0.7 0.7 0.7 0.8 0.8 1.1 1.1 1.1 1.1 1.1 1.1 1.1 1.1 1.1 1.1 1.1 1.1 1.1 0.8 0.8 0.8 0.7 0.7 0.7 0.7 0.7 0.7 0.8 0.8 1.1 1.1 1.1 1.1 1.1 1.1 1.1 1.1 1.1 1.1 1.1 1.1 1.1 0.8 0.8 0.8 0.7 0.7 0.7 0.7 0.7 0.7 0.8 0.8 0.8 0.8 0.8 0.8 0.8 0.8 0.8 0.8 0.8 0.8 0.8 0.8 0.8 0.8 0.8 0.8 0.7 0.7 0.7 0.7 0.7 0.7 0.8 0.8 0.8 0.8 0.8 0.8 0.8 0.8 0.8 0.8 0.8 0.8 0.8 0.8 0.8 0.8 0.8 0.8 0.7 0.7 0.7 0.7 0.7 0.7 0.8 0.8 1.1 1.1 1.1 1.1 1.1 1.1 1.1 1.1 1.1 1.1 1.1 1.1 1.1 0.8 0.8 0.8 0.7 0.7 0.7 0.7 0.7 0.7 0.8 0.8 1.1 1.1 1.1 1.1 1.1 1.1 1.1 1.1 1.1 1.1 1.1 1.1 1.1 0.8 0.8 0.8 0.7 0.7 0.7 0.7 0.7 0.7 0.8 0.8 1.1 1.1 1.1 1.1 1.1 1.1 1.1 1.1 1.1 1.1 1.1 1.1 1.1 0.8 0.8 0.8 0.7 0.7 0.7 0.7 0.7 0.7 0.8 0.8 1.1 1.1 1.1 1.1 1.1 1.1 1.1 1.1 1.1 1.1 1.1 1.1 1.1 0.8 0.8 0.8 0.7 0.7 0.7 0.7 0.7 0.7 0.8 0.8 1.1 1.1 1.1 1.1 1.1 1.1 1.1 1.1 1.1 1.1 1.1 1.1 1.1 0.8 0.8 0.8 0.7 0.7 0.7 0.7 0.7 0.7 0.8 0.8 0.8 0.8 0.8 0.8 0.8 0.8 0.8 0.8 0.8 0.8 0.8 0.8 0.8 0.8 0.8 0.8 0.7 0.7 0.7 0.7 0.7 0.7 0.8 0.8 0.8 0.8 0.8 0.8 0.8 0.8 0.8 0.8 0.8 0.8 0.8 0.8 0.8 0.8 0.8 0.8 0.7 0.7 0.7 0.7 0.7 0.7 0.8 0.8 1.1 1.1 1.1 1.1 1.1 1.1 1.1 1.1 1.1 1.1 1.1 1.1 1.1 0.8 0.8 0.8 0.7 0.7 0.7 0.7 0.7 0.7 0.8 0.8 1.1 1.1 1.1 1.1 1.1 1.1 1.1 1.1 1.1 1.1 1.1 1.1 1.1 0.8 0.8 0.8 0.7 0.7 0.7 0.7 0.7 0.7 0.8 0.8 1.1 1.1 1.1 1.1 1.1 1.1 1.1 1.1 1.1 1.1 1.1 1.1 1.1 0.8 0.8 0.8 0.7 0.7 0.7 0.7 0.7 0.7 0.8 0.8 1.1 1.1 1.1 1.1 1.1 1.1 1.1 1.1 1.1 1.1 1.1 1.1 1.1 0.8 0.8 0.8 0.7 0.7 0.7 0.7 0.7 0.7 0.8 0.8 1.1 1.1 1.1 1.1 1.1 1.1 1.1 1.1 1.1 1.1 1.1 1.1 1.1 0.8 0.8 0.8 0.7 0.7 0.7 0.7 0.7 0.7 0.8 0.8 0.8 0.8 0.8 0.8 0.8 0.8 0.8 0.8 0.8 0.8 0.8 0.8 0.8 0.8 0.8 0.8 0.7 0.7 0.7 0.7 0.7 0.7 0.8 0.8 0.8 0.8 0.8 0.8 0.8 0.8 0.8 0.8 0.8 0.8 0.8 0.8 0.8 0.8 0.8 0.8 0.7 0.7 0.7 0.7 0.7 0.7 0.8 0.8 1.1 1.1 1.1 1.1 1.1 1.1 1.1 1.1 1.1 1.1 1.1 1.1 1.1 0.8 0.8 0.8 0.7 0.7 0.7 0.7 0.7 0.7 0.8 0.8 1.1 1.1 1.1 1.1 1.1 1.1 1.1 1.1 1.1 1.1 1.1 1.1 1.1 0.8 0.8 0.8 0.7 0.7 0.7 0.7 0.7 0.7 0.8 0.8 1.1 1.1 1.1 1.1 1.1 1.1 1.1 1.1 1.1 1.1 1.1 1.1 1.1 0.8 0.8 0.8 0.7 0.7 0.7 0.7 0.7 0.7 0.8 0.8 1.1 1.1 1.1 1.1 1.1 1.1 1.1 1.1 1.1 1.1 1.1 1.1 1.1 0.8 0.8 0.8 0.7 0.7 0.7 0.7 0.7 0.7 0.8 0.8 1.1 1.1 1.1 1.1 1.1 1.1 1.1 1.1 1.1 1.1 1.1 1.1 1.1 0.8 0.8 0.8 0.7 0.7 0.7 0.7 0.7 0.7 0.8 0.8 0.8 0.8 0.8 0.8 0.8 0.8 0.8 0.8 0.8 0.8 0.8 0.8 0.8 0.8 0.8 0.8 0.7 0.7 0.7 0.7 0.7 0.7 0.8 0.8 0.8 0.8 0.8 0.8 0.8 0.8 0.8 0.8 0.8 0.8 0.8 0.8 0.8 0.8 0.8 0.8 0.7 0.7 0.7 0.7 0.7 0.7 0.8 0.8 1.1 1.1 1.1 1.1 1.1 1.1 1.1 1.1 1.1 1.1 1.1 1.1 1.1 0.8 0.8 0.8 0.7 0.7 0.7 0.7 0.7 0.7 0.8 0.8 1.1 1.1 1.1 1.1 1.1 1.1 1.1 1.1 1.1 1.1 1.1 1.1 1.1 0.8 0.8 0.8 0.7 0.7 0.7 0.7 0.7 0.7 0.8 0.8 1.1 1.1 1.1 1.1 1.1 1.1 1.1 1.1 1.1 1.1 1.1 1.1 1.1 0.8 0.8 0.8 0.7 0.7 0.7 0.7 0.7 0.7 0.8 0.8 1.1 1.1 1.1 1.1 1.1 1.1 1.1 1.1 1.1 1.1 1.1 1.1 1.1 0.8 0.8 0.8 0.7 0.7 0.7 0.7 0.7 0.7 0.8 0.8 1.1 1.1 1.1 1.1 1.1 1.1 1.1 1.1 1.1 1.1 1.1 1.1 1.1 0.8 0.8 0.8 0.7 0.7 0.7 0.7 0.7 0.7 0.8 0.8 0.8 0.8 0.8 0.8 0.8 0.8 0.8 0.8 0.8 0.8 0.8 0.8 0.8 0.8 0.8 0.8 0.7 0.7 0.7 0.7 0.7 0.7 0.8 0.8 0.8 0.8 0.8 0.8 0.8 0.8 0.8 0.8 0.8 0.8 0.8 0.8 0.8 0.8 0.8 0.8 0.7 0.7 0.7 0.7 0.7 0.7 0.8 0.8 1.1 1.1 1.1 1.1 1.1 1.1 1.1 1.1 1.1 1.1 1.1 1.1 1.1 0.8 0.8 0.8 0.7 0.7 0.7 0.7 0.7 0.7 0.8 0.8 1.1 1.1 1.1 1.1 1.1 1.1 1.1 1.1 1.1 1.1 1.1 1.1 1.1 0.8 0.8 0.8 0.7 0.7 0.7 0.7 0.7 0.7 0.8 0.8 1.1 1.1 1.1 1.1 1.1 1.1 1.1 1.1 1.1 1.1 1.1 1.1 1.1 0.8 0.8 0.8 0.7 0.7 0.7 0.7 0.7 0.7 0.8 0.8 1.1 1.1 1.1 1.1 1.1 1.1 1.1 1.1 1.1 1.1 1.1 1.1 1.1 0.8 0.8 0.8 0.7 0.7 0.7 0.7 0.7 0.7 0.8 0.8 1.1 1.1 1.1 1.1 1.1 1.1 1.1 1.1 1.1 1.1 1.1 1.1 1.1 0.8 0.8 0.8 0.7 0.7 0.7 0.7 0.7 0.7 0.8 0.8 0.8 0.8 0.8 0.8 0.8 0.8 0.8 0.8 0.8 0.8 0.8 0.8 0.8 0.8 0.8 0.8 0.7 0.7 0.7 0.7 0.7 0.7 0.8 0.8 0.8 0.8 0.8 0.8 0.8 0.8 0.8 0.8 0.8 0.8 0.8 0.8 0.8 0.8 0.8 0.8 0.7 0.7 0.7 0.7 0.7 0.7 0.8 0.8 1.1 1.1 1.1 1.1 1.1 1.1 1.1 1.1 1.1 1.1 1.1 1.1 1.1 0.8 0.8 0.8 0.7 0.7 0.7 0.7 0.7 0.7 0.8 0.8 1.1 1.1 1.1 1.1 1.1 1.1 1.1 1.1 1.1 1.1 1.1 1.1 1.1 0.8 0.8 0.8 0.7 0.7 0.7 0.7 0.7 0.7 0.8 0.8 1.1 1.1 1.1 1.1 1.1 1.1 1.1 1.1 1.1 1.1 1.1 1.1 1.1 0.8 0.8 0.8 0.7 0.7 0.7 0.7 0.7 0.7 0.8 0.8 1.1 1.1 1.1 1.1 1.1 1.1 1.1 1.1 1.1 1.1 1.1 1.1 1.1 0.8 0.8 0.8 1 1 1 1 1 1 1 1 1.2 1.2 1.2 1.2 2.064 2.064 2.064 2.064 2.064 2.064 1.2 1.2 1.2 1 1 1 1 1 1 1 1 1 1 1 1 1 1 1 1 1 1 1 1 1 1 1 1 1 1 1 1 1 1 1 1 1 1 1 1 1 1 1 1 1 1 1 1 1 1 1 1 1 1 1 1 1 1 1 1 1 1 1 1.2 1.2 1.2 1.2 2.064 2.064 2.064 2.064 2.064 2.064 1.2 1.2 1.2 1 1 1 1 1 1 1 1 1 1 1 1.2 1.2 1.2 1.2 2.064 2.064 2.064 2.064 2.064 2.064 1.2 1.2 1.2 1 1 1 1 1 1 1 1 1 1 1 1.2 1.2 1.2 1.2 2.064 2.064 2.064 2.064 2.064 2.064 1.2 1.2 1.2 1 1 1 1 1 1 1 1 1 1 1 1.2 1.2 1.2 1.2 2.064 2.064 2.064 2.064 2.064 2.064 1.2 1.2 1.2 1 1 1 1 1 1 1 1 1 1 1 1.2 1.2 1.2 1.2 2.064 2.064 2.064 2.064 2.064 2.064 1.2 1.2 1.2 1 1 1 1 1 1 1 1 1 1 1 1 1 1 1 1 1 1 1 1 1 1 1 1 1 1 1 1 1 1 1 1 1 1 1 1 1 1 1 1 1 1 1 1 1 1 1 1 1 1 1 1 1 1 1 1 1 1 1 1.2 1.2 1.2 1.2 2.064 2.064 2.064 2.064 2.064 2.064 1.2 1.2 1.2 1 1 1 1 1 1 1 1 1 1 1 1.2 1.2 1.2 1.2 2.064 2.064 2.064 2.064 2.064 2.064 1.2 1.2 1.2 1 1 1 1 1 1 1 1 1 1 1 1.2 1.2 1.2 1.2 2.064 2.064 2.064 2.064 2.064 2.064 1.2 1.2 1.2 1 1 1 1 1 1 1 1 1 1 1 1.2 1.2 1.2 1.2 2.064 2.064 2.064 2.064 2.064 2.064 1.2 1.2 1.2 1 1 1 1 1 1 1 1 1 1 1 1.2 1.2 1.2 1.2 2.064 2.064 2.064 2.064 2.064 2.064 1.2 1.2 1.2 1 1 1 1 1 1 1 1 1 1 1 1 1 1 1 1 1 1 1 1 1 1 1 1 1 1 1 1 1 1 1 1 1 1 1 1 1 1 1 1 1 1 1 1 1 1 1 1 1 1 1 1 1 1 1 1 1 1 1 1.2 1.2 1.2 1.2 2.064 2.064 2.064 2.064 2.064 2.064 1.2 1.2 1.2 1 1 1 1 1 1 1 1 1 1 1 1.2 1.2 1.2 1.2 2.064 2.064 2.064 2.064 2.064 2.064 1.2 1.2 1.2 1 1 1 1 1 1 1 1 1 1 1 1.2 1.2 1.2 1.2 2.064 2.064 2.064 2.064 2.064 2.064 1.2 1.2 1.2 1 1 1 1 1 1 1 1 1 1 1 1.2 1.2 1.2 1.2 2.064 2.064 2.064 2.064 2.064 2.064 1.2 1.2 1.2 1 1 1 1 1 1 1 1 1 1 1 1.2 1.2 1.2 1.2 2.064 2.064 2.064 2.064 2.064 2.064 1.2 1.2 1.2 1 1 1 1 1 1 1 1 1 1 1 1 1 1 1 1 1 1 1 1 1 1 1 1 1 1 1 1 1 1 1 1 1 1 1 1 1 1 1 1 1 1 1 1 1 1 1 1 1 1 1 1 1 1 1 1 1 1 1 1.2 1.2 1.2 1.2 2.064 2.064 2.064 2.064 2.064 2.064 1.2 1.2 1.2 1 1 1 1 1 1 1 1 1 1 1 1.2 1.2 1.2 1.2 2.064 2.064 2.064 2.064 2.064 2.064 1.2 1.2 1.2 1 1 1 1 1 1 1 1 1 1 1 1.2 1.2 1.2 1.2 2.064 2.064 2.064 2.064 2.064 2.064 1.2 1.2 1.2 1 1 1 1 1 1 1 1 1 1 1 1.2 1.2 1.2 1.2 2.064 2.064 2.064 2.064 2.064 2.064 1.2 1.2 1.2 1 1 1 1 1 1 1 1 1 1 1 1.2 1.2 1.2 1.2 2.064 2.064 2.064 2.064 2.064 2.064 1.2 1.2 1.2 1 1 1 1 1 1 1 1 1 1 1 1 1 1 1 1 1 1 1 1 1 1 1 1 1 1 1 1 1 1 1 1 1 1 1 1 1 1 1 1 1 1 1 1 1 1 1 1 1 1 1 1 1 1 1 1 1 1 1 1.2 1.2 1.2 1.2 2.064 2.064 2.064 2.064 2.064 2.064 1.2 1.2 1.2 1 1 1 1 1 1 1 1 1 1 1 1.2 1.2 1.2 1.2 2.064 2.064 2.064 2.064 2.064 2.064 1.2 1.2 1.2 1 1 1 1 1 1 1 1 1 1 1 1.2 1.2 1.2 1.2 2.064 2.064 2.064 2.064 2.064 2.064 1.2 1.2 1.2 1 1 1 1 1 1 1 1 1 1 1 1.2 1.2 1.2 1.2 2.064 2.064 2.064 2.064 2.064 2.064 1.2 1.2 1.2 1 1 1 1 1 1 1 1 1 1 1 1.2 1.2 1.2 1.2 2.064 2.064 2.064 2.064 2.064 2.064 1.2 1.2 1.2 1 1 1 1 1 1 1 1 1 1 1 1 1 1 1 1 1 1 1 1 1 1 1 1 1 1 1 1 1 1 1 1 1 1 1 1 1 1 1 1 1 1 1 1 1 1 1 1 1 1 1 1 1 1 1 1 1 1 1 1.2 1.2 1.2 1.2 2.064 2.064 2.064 2.064 2.064 2.064 1.2 1.2 1.2 1 1 1 1 1 1 1 1 1 1 1 1.2 1.2 1.2 1.2 2.064 2.064 2.064 2.064 2.064 2.064 1.2 1.2 1.2 1 1 1 1 1 1 1 1 1 1 1 1.2 1.2 1.2 1.2 2.064 2.064 2.064 2.064 2.064 2.064 1.2 1.2 1.2 1 1 1 1 1 1 1 1 1 1 1 1.2 1.2 1.2 1.2 2.064 2.064 2.064 2.064 2.064 2.064 1.2 1.2 1.2 1 1 1 1 1 1 1 1 1 1 1 1.2 1.2 1.2 1.2 2.064 2.064 2.064 2.064 2.064 2.064 1.2 1.2 1.2 1 1 1 1 1 1 1 1 1 1 1 1 1 1 1 1 1 1 1 1 1 1 1 1 1 1 1 1 1 1 1 1 1 1 1 1 1 1 1 1 1 1 1 1 1 1 1 1 1 1 1 1 1 1 1 1 1 1 1 1.2 1.2 1.2 1.2 2.064 2.064 2.064 2.064 2.064 2.064 1.2 1.2 1.2 1 1 1 1 1 1 1 1 1 1 1 1.2 1.2 1.2 1.2 2.064 2.064 2.064 2.064 2.064 2.064 1.2 1.2 1.2 1 1 1 1 1 1 1 1 1 1 1 1.2 1.2 1.2 1.2 2.064 2.064 2.064 2.064 2.064 2.064 1.2 1.2 1.2 1 1 1 1 1 1 1 1 1 1 1 1.2 1.2 1.2 1.2 2.064 2.064 2.064 2.064 2.064 2.064 1.2 1.2 1.2 1 1 1 1 1 1 1 1 1 1 1 1.2 1.2 1.2 1.2 2.064 2.064 2.064 2.064 2.064 2.064 1.2 1.2 1.2 1 1 1 1 1 1 1 1 1 1 1 1 1 1 1 1 1 1 1 1 1 1 1 1 1 1 1 1 1 1 1 1 1 1 1 1 1 1 1 1 1 1 1 1 1 1 1 1 1 1 1 1 1 1 1 1 1 1 1 1.2 1.2 1.2 1.2 2.064 2.064 2.064 2.064 2.064 2.064 1.2 1.2 1.2 1 1 1 1 1 1 1 1 1 1 1 1.2 1.2 1.2 1.2 2.064 2.064 2.064 2.064 2.064 2.064 1.2 1.2 1.2 1 1 1 1 1 1 1 1 1 1 1 1.2 1.2 1.2 1.2 2.064 2.064 2.064 2.064 2.064 2.064 1.2 1.2 1.2 1 1 1 1 1 1 1 1 1 1 1 1.2 1.2 1.2 1.2 2.064 2.064 2.064 2.064 2.064 2.064 1.2 1.2 1.2 1 1 1 1 1 1 1 1 1 1 1 1.2 1.2 1.2 1.2 2.064 2.064 2.064 2.064 2.064 2.064 1.2 1.2 1.2 1 1 1 1 1 1 1 1 1 1 1 1 1 1 1 1 1 1 1 1 1 1 1 1 1 1 1 1 1 1 1 1 1 1 1 1 1 1 1 1 1 1 1 1 1 1 1 1 1 1 1 1 1 1 1 1 1 1 1 1.2 1.2 1.2 1.2 2.064 2.064 2.064 2.064 2.064 2.064 1.2 1.2 1.2 1 1 1 1 1 1 1 1 1 1 1 1.2 1.2 1.2 1.2 2.064 2.064 2.064 2.064 2.064 2.064 1.2 1.2 1.2 1 1 1 1 1 1 1 1 1 1 1 1.2 1.2 1.2 1.2 2.064 2.064 2.064 2.064 2.064 2.064 1.2 1.2 1.2 1 1 1 1 1 1 1 1 1 1 1 1.2 1.2 1.2 1.2 2.064 2.064 2.064 2.064 2.064 2.064 1.2 1.2 1.2 1 1 1 1 1 1 1 1 1 1 1 1.2 1.2 1.2 1.2 2.064 2.064 2.064 2.064 2.064 2.064 1.2 1.2 1.2 1 1 1 1 1 1 1 1 1 1 1 1 1 1 1 1 1 1 1 1 1 1 1 1 1 1 1 1 1 1 1 1 1 1 1 1 1 1 1 1 1 1 1 1 1 1 1 1 1 1 1 1 1 1 1 1 1 1 1 1.2 1.2 1.2 1.2 2.064 2.064 2.064 2.064 2.064 2.064 1.2 1.2 1.2 1 1 1 1 1 1 1 1 1 1 1 1.2 1.2 1.2 1.2 2.064 2.064 2.064 2.064 2.064 2.064 1.2 1.2 1.2 1 1 1 1 1 1 1 1 1 1 1 1.2 1.2 1.2 1.2 2.064 2.064 2.064 2.064 2.064 2.064 1.2 1.2 1.2 1 1 1 1 1 1 1 1 1 1 1 1.2 1.2 1.2 1.2 2.064 2.064 2.064 2.064 2.064 2.064 1.2 1.2 1.2 1 1 1 1 1 1 1 1 1 1 1 1.2 1.2 1.2 1.2 2.064 2.064 2.064 2.064 2.064 2.064 1.2 1.2 1.2 1 1 1 1 1 1 1 1 1 1 1 1 1 1 1 1 1 1 1 1 1 1 1 1 1 1 1 1 1 1 1 1 1 1 1 1 1 1 1 1 1 1 1 1 1 1 1 1 1 1 1 1 1 1 1 1 1 1 1 1.2 1.2 1.2 1.2 2.064 2.064 2.064 2.064 2.064 2.064 1.2 1.2 1.2 1 1 1 1 1 1 1 1 1 1 1 1.2 1.2 1.2 1.2 2.064 2.064 2.064 2.064 2.064 2.064 1.2 1.2 1.2 1 1 1 1 1 1 1 1 1 1 1 1.2 1.2 1.2 1.2 2.064 2.064 2.064 2.064 2.064 2.064 1.2 1.2 1.2 1 1 1 1 1 1 1 1 1 1 1 1.2 1.2 1.2 1.2 2.064 2.064 2.064 2.064 2.064 2.064 1.2 1.2 1.2 1 1 1 1 1 1 1 1 1 1 1 1.2 1.2 1.2 1.2 2.064 2.064 2.064 2.064 2.064 2.064 1.2 1.2 1.2 1 1 1 1 1 1 1 1 1 1 1 1 1 1 1 1 1 1 1 1 1 1 1 1 1 1 1 1 1 1 1 1 1 1 1 1 1 1 1 1 1 1 1 1 1 1 1 1 1 1 1 1 1 1 1 1 1 1 1 1.2 1.2 1.2 1.2 2.064 2.064 2.064 2.064 2.064 2.064 1.2 1.2 1.2 1 1 1 1 1 1 1 1 1 1 1 1.2 1.2 1.2 1.2 2.064 2.064 2.064 2.064 2.064 2.064 1.2 1.2 1.2 1 1 1 1 1 1 1 1 1 1 1 1.2 1.2 1.2 1.2 2.064 2.064 2.064 2.064 2.064 2.064 1.2 1.2 1.2 1 1 1 1 1 1 1 1 1 1 1 1.2 1.2 1.2 1.2 2.064 2.064 2.064 2.064 2.064 2.064 1.2 1.2 1.2 1 1 1 1 1 1 1 1 1 1 1 1.2 1.2 1.2 1.2 2.064 2.064 2.064 2.064 2.064 2.064 1.2 1.2 1.2 1 1 1 1 1 1 1 1 1 1 1 1 1 1 1 1 1 1 1 1 1 1 1 1 1 1 1 1 1 1 1 1 1 1 1 1 1 1 1 1 1 1 1 1 1 1 1 1 1 1 1 1 1 1 1 1 1 1 1 1.2 1.2 1.2 1.2 2.064 2.064 2.064 2.064 2.064 2.064 1.2 1.2 1.2 1 1 1 1 1 1 1 1 1 1 1 1.2 1.2 1.2 1.2 2.064 2.064 2.064 2.064 2.064 2.064 1.2 1.2 1.2 1 1 1 1 1 1 1 1 1 1 1 1.2 1.2 1.2 1.2 2.064 2.064 2.064 2.064 2.064 2.064 1.2 1.2 1.2 1 1 1 1 1 1 1 1 1 1 1 1.2 1.2 1.2 1.2 2.064 2.064 2.064 2.064 2.064 2.064 1.2 1.2 1.2 1 1 1 1 1 1 1 1 1 1 1 1.2 1.2 1.2 1.2 2.064 2.064 2.064 2.064 2.064 2.064 1.2 1.2 1.2 1 1 1 1 1 1 1 1 1 1 1 1 1 1 1 1 1 1 1 1 1 1 1 1 1 1 1 1 1 1 1 1 1 1 1 1 1 1 1 1 1 1 1 1 1 1 1 1 1 1 1 1 1 1 1 1 1 1 1 1.2 1.2 1.2 1.2 2.064 2.064 2.064 2.064 2.064 2.064 1.2 1.2 1.2 1 1 1 1 1 1 1 1 1 1 1 1.2 1.2 1.2 1.2 2.064 2.064 2.064 2.064 2.064 2.064 1.2 1.2 1.2 1 1 1 1 1 1 1 1 1 1 1 1.2 1.2 1.2 1.2 2.064 2.064 2.064 2.064 2.064 2.064 1.2 1.2 1.2 1 1 1 1 1 1 1 1 1 1 1 1.2 1.2 1.2 1.2 2.064 2.064 2.064 2.064 2.064 2.064 1.2 1.2 1.2 1 1 1 1 1 1 1 1 1 1 1 1.2 1.2 1.2 1.2 2.064 2.064 2.064 2.064 2.064 2.064 1.2 1.2 1.2 1 1 1 1 1 1 1 1 1 1 1 1 1 1 1 1 1 1 1 1 1 1 1 1 1 1 1 1 1 1 1 1 1 1 1 1 1 1 1 1 1 1 1 1 1 1 1 1 1 1 1 1 1 1 1 1 1 1 1 1.2 1.2 1.2 1.2 2.064 2.064 2.064 2.064 2.064 2.064 1.2 1.2 1.2 1 1 1 1 1 1 1 1 1 1 1 1.2 1.2 1.2 1.2 2.064 2.064 2.064 2.064 2.064 2.064 1.2 1.2 1.2 1 1 1 1 1 1 1 1 1 1 1 1.2 1.2 1.2 1.2 2.064 2.064 2.064 2.064 2.064 2.064 1.2 1.2 1.2 1 1 1 1 1 1 1 1 1 1 1 1.2 1.2 1.2 1.2 2.064 2.064 2.064 2.064 2.064 2.064 1.2 1.2 1.2 1 1 1 1 1 1 1 1 1 1 1 1.2 1.2 1.2 1.2 2.064 2.064 2.064 2.064 2.064 2.064 1.2 1.2 1.2 1 1 1 1 1 1 1 1 1 1 1 1 1 1 1 1 1 1 1 1 1 1 1 1 1 1 1 1 1 1 1 1 1 1 1 1 1 1 1 1 1 1 1 1 1 1 1 1 1 1 1 1 1 1 1 1 1 1 1 1.2 1.2 1.2 1.2 2.064 2.064 2.064 2.064 2.064 2.064 1.2 1.2 1.2 1 1 1 1 1 1 1 1 1 1 1 1.2 1.2 1.2 1.2 2.064 2.064 2.064 2.064 2.064 2.064 1.2 1.2 1.2 1 1 1 1 1 1 1 1 1 1 1 1.2 1.2 1.2 1.2 2.064 2.064 2.064 2.064 2.064 2.064 1.2 1.2 1.2 1 1 1 1 1 1 1 1 1 1 1 1.2 1.2 1.2 1.2 2.064 2.064 2.064 2.064 2.064 2.064 1.2 1.2 1.2 1 1 1 1 1 1 1 1 1 1 1 1.2 1.2 1.2 1.2 2.064 2.064 2.064 2.064 2.064 2.064 1.2 1.2 1.2 1 1 1 1 1 1 1 1 1 1 1 1 1 1 1 1 1 1 1 1 1 1 1 1 1 1 1 1 1 1 1 1 1 1 1 1 1 1 1 1 1 1 1 1 1 1 1 1 1 1 1 1 1 1 1 1 1 1 1 1.2 1.2 1.2 1.2 2.064 2.064 2.064 2.064 2.064 2.064 1.2 1.2 1.2 1 1 1 1 1 1 1 1 1 1 1 1.2 1.2 1.2 1.2 2.064 2.064 2.064 2.064 2.064 2.064 1.2 1.2 1.2 1 1 1 1 1 1 1 1 1 1 1 1.2 1.2 1.2 1.2 2.064 2.064 2.064 2.064 2.064 2.064 1.2 1.2 1.2 1 1 1 1 1 1 1 1 1 1 1 1.2 1.2 1.2 1.2 2.064 2.064 2.064 2.064 2.064 2.064 1.2 1.2 1.2 1 1 1 1 1 1 1 1 1 1 1 1.2 1.2 1.2 1.2 2.064 2.064 2.064 2.064 2.064 2.064 1.2 1.2 1.2 1 1 1 1 1 1 1 1 1 1 1 1 1 1 1 1 1 1 1 1 1 1 1 1 1 1 1 1 1 1 1 1 1 1 1 1 1 1 1 1 1 1 1 1 1 1 1 1 1 1 1 0.7 0.7 0.7 0.7 0.7 0.7 0.8 0.8 1.1 1.1 1.1 1.1 1.1 1.1 1.1 1.1 1.1 1.1 1.1 1.1 1.1 0.8 0.8 0.8 0.7 0.7 0.7 0.7 0.7 0.7 0.8 0.8 1.1 1.1 1.1 1.1 1.1 1.1 1.1 1.1 1.1 1.1 1.1 1.1 1.1 0.8 0.8 0.8 0.7 0.7 0.7 0.7 0.7 0.7 0.8 0.8 1.1 1.1 1.1 1.1 1.1 1.1 1.1 1.1 1.1 1.1 1.1 1.1 1.1 0.8 0.8 0.8 0.7 0.7 0.7 0.7 0.7 0.7 0.8 0.8 1.1 1.1 1.1 1.1 1.1 1.1 1.1 1.1 1.1 1.1 1.1 1.1 1.1 0.8 0.8 0.8 0.7 0.7 0.7 0.7 0.7 0.7 0.8 0.8 1.1 1.1 1.1 1.1 1.1 1.1 1.1 1.1 1.1 1.1 1.1 1.1 1.1 0.8 0.8 0.8 0.7 0.7 0.7 0.7 0.7 0.7 0.8 0.8 0.8 0.8 0.8 0.8 0.8 0.8 0.8 0.8 0.8 0.8 0.8 0.8 0.8 0.8 0.8 0.8 0.7 0.7 0.7 0.7 0.7 0.7 0.8 0.8 0.8 0.8 0.8 0.8 0.8 0.8 0.8 0.8 0.8 0.8 0.8 0.8 0.8 0.8 0.8 0.8 0.7 0.7 0.7 0.7 0.7 0.7 0.8 0.8 1.1 1.1 1.1 1.1 1.1 1.1 1.1 1.1 1.1 1.1 1.1 1.1 1.1 0.8 0.8 0.8 0.7 0.7 0.7 0.7 0.7 0.7 0.8 0.8 1.1 1.1 1.1 1.1 1.1 1.1 1.1 1.1 1.1 1.1 1.1 1.1 1.1 0.8 0.8 0.8 0.7 0.7 0.7 0.7 0.7 0.7 0.8 0.8 1.1 1.1 1.1 1.1 1.1 1.1 1.1 1.1 1.1 1.1 1.1 1.1 1.1 0.8 0.8 0.8 0.7 0.7 0.7 0.7 0.7 0.7 0.8 0.8 1.1 1.1 1.1 1.1 1.1 1.1 1.1 1.1 1.1 1.1 1.1 1.1 1.1 0.8 0.8 0.8 0.7 0.7 0.7 0.7 0.7 0.7 0.8 0.8 1.1 1.1 1.1 1.1 1.1 1.1 1.1 1.1 1.1 1.1 1.1 1.1 1.1 0.8 0.8 0.8 0.7 0.7 0.7 0.7 0.7 0.7 0.8 0.8 0.8 0.8 0.8 0.8 0.8 0.8 0.8 0.8 0.8 0.8 0.8 0.8 0.8 0.8 0.8 0.8 0.7 0.7 0.7 0.7 0.7 0.7 0.8 0.8 0.8 0.8 0.8 0.8 0.8 0.8 0.8 0.8 0.8 0.8 0.8 0.8 0.8 0.8 0.8 0.8 0.7 0.7 0.7 0.7 0.7 0.7 0.8 0.8 1.1 1.1 1.1 1.1 1.1 1.1 1.1 1.1 1.1 1.1 1.1 1.1 1.1 0.8 0.8 0.8 0.7 0.7 0.7 0.7 0.7 0.7 0.8 0.8 1.1 1.1 1.1 1.1 1.1 1.1 1.1 1.1 1.1 1.1 1.1 1.1 1.1 0.8 0.8 0.8 0.7 0.7 0.7 0.7 0.7 0.7 0.8 0.8 1.1 1.1 1.1 1.1 1.1 1.1 1.1 1.1 1.1 1.1 1.1 1.1 1.1 0.8 0.8 0.8 0.7 0.7 0.7 0.7 0.7 0.7 0.8 0.8 1.1 1.1 1.1 1.1 1.1 1.1 1.1 1.1 1.1 1.1 1.1 1.1 1.1 0.8 0.8 0.8 0.7 0.7 0.7 0.7 0.7 0.7 0.8 0.8 1.1 1.1 1.1 1.1 1.1 1.1 1.1 1.1 1.1 1.1 1.1 1.1 1.1 0.8 0.8 0.8 0.7 0.7 0.7 0.7 0.7 0.7 0.8 0.8 0.8 0.8 0.8 0.8 0.8 0.8 0.8 0.8 0.8 0.8 0.8 0.8 0.8 0.8 0.8 0.8 0.7 0.7 0.7 0.7 0.7 0.7 0.8 0.8 0.8 0.8 0.8 0.8 0.8 0.8 0.8 0.8 0.8 0.8 0.8 0.8 0.8 0.8 0.8 0.8 0.7 0.7 0.7 0.7 0.7 0.7 0.8 0.8 1.1 1.1 1.1 1.1 1.1 1.1 1.1 1.1 1.1 1.1 1.1 1.1 1.1 0.8 0.8 0.8 0.7 0.7 0.7 0.7 0.7 0.7 0.8 0.8 1.1 1.1 1.1 1.1 1.1 1.1 1.1 1.1 1.1 1.1 1.1 1.1 1.1 0.8 0.8 0.8 0.7 0.7 0.7 0.7 0.7 0.7 0.8 0.8 1.1 1.1 1.1 1.1 1.1 1.1 1.1 1.1 1.1 1.1 1.1 1.1 1.1 0.8 0.8 0.8 0.7 0.7 0.7 0.7 0.7 0.7 0.8 0.8 1.1 1.1 1.1 1.1 1.1 1.1 1.1 1.1 1.1 1.1 1.1 1.1 1.1 0.8 0.8 0.8 0.7 0.7 0.7 0.7 0.7 0.7 0.8 0.8 1.1 1.1 1.1 1.1 1.1 1.1 1.1 1.1 1.1 1.1 1.1 1.1 1.1 0.8 0.8 0.8 0.7 0.7 0.7 0.7 0.7 0.7 0.8 0.8 0.8 0.8 0.8 0.8 0.8 0.8 0.8 0.8 0.8 0.8 0.8 0.8 0.8 0.8 0.8 0.8 0.7 0.7 0.7 0.7 0.7 0.7 0.8 0.8 0.8 0.8 0.8 0.8 0.8 0.8 0.8 0.8 0.8 0.8 0.8 0.8 0.8 0.8 0.8 0.8 0.7 0.7 0.7 0.7 0.7 0.7 0.8 0.8 1.1 1.1 1.1 1.1 1.1 1.1 1.1 1.1 1.1 1.1 1.1 1.1 1.1 0.8 0.8 0.8 0.7 0.7 0.7 0.7 0.7 0.7 0.8 0.8 1.1 1.1 1.1 1.1 1.1 1.1 1.1 1.1 1.1 1.1 1.1 1.1 1.1 0.8 0.8 0.8 0.7 0.7 0.7 0.7 0.7 0.7 0.8 0.8 1.1 1.1 1.1 1.1 1.1 1.1 1.1 1.1 1.1 1.1 1.1 1.1 1.1 0.8 0.8 0.8 0.7 0.7 0.7 0.7 0.7 0.7 0.8 0.8 1.1 1.1 1.1 1.1 1.1 1.1 1.1 1.1 1.1 1.1 1.1 1.1 1.1 0.8 0.8 0.8 0.7 0.7 0.7 0.7 0.7 0.7 0.8 0.8 1.1 1.1 1.1 1.1 1.1 1.1 1.1 1.1 1.1 1.1 1.1 1.1 1.1 0.8 0.8 0.8 0.7 0.7 0.7 0.7 0.7 0.7 0.8 0.8 0.8 0.8 0.8 0.8 0.8 0.8 0.8 0.8 0.8 0.8 0.8 0.8 0.8 0.8 0.8 0.8 0.7 0.7 0.7 0.7 0.7 0.7 0.8 0.8 0.8 0.8 0.8 0.8 0.8 0.8 0.8 0.8 0.8 0.8 0.8 0.8 0.8 0.8 0.8 0.8 0.7 0.7 0.7 0.7 0.7 0.7 0.8 0.8 1.1 1.1 1.1 1.1 1.1 1.1 1.1 1.1 1.1 1.1 1.1 1.1 1.1 0.8 0.8 0.8 0.7 0.7 0.7 0.7 0.7 0.7 0.8 0.8 1.1 1.1 1.1 1.1 1.1 1.1 1.1 1.1 1.1 1.1 1.1 1.1 1.1 0.8 0.8 0.8 0.7 0.7 0.7 0.7 0.7 0.7 0.8 0.8 1.1 1.1 1.1 1.1 1.1 1.1 1.1 1.1 1.1 1.1 1.1 1.1 1.1 0.8 0.8 0.8 0.7 0.7 0.7 0.7 0.7 0.7 0.8 0.8 1.1 1.1 1.1 1.1 1.1 1.1 1.1 1.1 1.1 1.1 1.1 1.1 1.1 0.8 0.8 0.8 0.7 0.7 0.7 0.7 0.7 0.7 0.8 0.8 1.1 1.1 1.1 1.1 1.1 1.1 1.1 1.1 1.1 1.1 1.1 1.1 1.1 0.8 0.8 0.8 0.7 0.7 0.7 0.7 0.7 0.7 0.8 0.8 0.8 0.8 0.8 0.8 0.8 0.8 0.8 0.8 0.8 0.8 0.8 0.8 0.8 0.8 0.8 0.8 0.7 0.7 0.7 0.7 0.7 0.7 0.8 0.8 0.8 0.8 0.8 0.8 0.8 0.8 0.8 0.8 0.8 0.8 0.8 0.8 0.8 0.8 0.8 0.8 0.7 0.7 0.7 0.7 0.7 0.7 0.8 0.8 1.1 1.1 1.1 1.1 1.1 1.1 1.1 1.1 1.1 1.1 1.1 1.1 1.1 0.8 0.8 0.8 0.7 0.7 0.7 0.7 0.7 0.7 0.8 0.8 1.1 1.1 1.1 1.1 1.1 1.1 1.1 1.1 1.1 1.1 1.1 1.1 1.1 0.8 0.8 0.8 0.7 0.7 0.7 0.7 0.7 0.7 0.8 0.8 1.1 1.1 1.1 1.1 1.1 1.1 1.1 1.1 1.1 1.1 1.1 1.1 1.1 0.8 0.8 0.8 0.7 0.7 0.7 0.7 0.7 0.7 0.8 0.8 1.1 1.1 1.1 1.1 1.1 1.1 1.1 1.1 1.1 1.1 1.1 1.1 1.1 0.8 0.8 0.8 0.7 0.7 0.7 0.7 0.7 0.7 0.8 0.8 1.1 1.1 1.1 1.1 1.1 1.1 1.1 1.1 1.1 1.1 1.1 1.1 1.1 0.8 0.8 0.8 0.7 0.7 0.7 0.7 0.7 0.7 0.8 0.8 0.8 0.8 0.8 0.8 0.8 0.8 0.8 0.8 0.8 0.8 0.8 0.8 0.8 0.8 0.8 0.8 0.7 0.7 0.7 0.7 0.7 0.7 0.8 0.8 0.8 0.8 0.8 0.8 0.8 0.8 0.8 0.8 0.8 0.8 0.8 0.8 0.8 0.8 0.8 0.8 0.7 0.7 0.7 0.7 0.7 0.7 0.8 0.8 1.1 1.1 1.1 1.1 1.1 1.1 1.1 1.1 1.1 1.1 1.1 1.1 1.1 0.8 0.8 0.8 0.7 0.7 0.7 0.7 0.7 0.7 0.8 0.8 1.1 1.1 1.1 1.1 1.1 1.1 1.1 1.1 1.1 1.1 1.1 1.1 1.1 0.8 0.8 0.8 0.7 0.7 0.7 0.7 0.7 0.7 0.8 0.8 1.1 1.1 1.1 1.1 1.1 1.1 1.1 1.1 1.1 1.1 1.1 1.1 1.1 0.8 0.8 0.8 0.7 0.7 0.7 0.7 0.7 0.7 0.8 0.8 1.1 1.1 1.1 1.1 1.1 1.1 1.1 1.1 1.1 1.1 1.1 1.1 1.1 0.8 0.8 0.8 0.7 0.7 0.7 0.7 0.7 0.7 0.8 0.8 1.1 1.1 1.1 1.1 1.1 1.1 1.1 1.1 1.1 1.1 1.1 1.1 1.1 0.8 0.8 0.8 0.7 0.7 0.7 0.7 0.7 0.7 0.8 0.8 0.8 0.8 0.8 0.8 0.8 0.8 0.8 0.8 0.8 0.8 0.8 0.8 0.8 0.8 0.8 0.8 0.7 0.7 0.7 0.7 0.7 0.7 0.8 0.8 0.8 0.8 0.8 0.8 0.8 0.8 0.8 0.8 0.8 0.8 0.8 0.8 0.8 0.8 0.8 0.8 0.7 0.7 0.7 0.7 0.7 0.7 0.8 0.8 1.1 1.1 1.1 1.1 1.1 1.1 1.1 1.1 1.1 1.1 1.1 1.1 1.1 0.8 0.8 0.8 0.7 0.7 0.7 0.7 0.7 0.7 0.8 0.8 1.1 1.1 1.1 1.1 1.1 1.1 1.1 1.1 1.1 1.1 1.1 1.1 1.1 0.8 0.8 0.8 0.7 0.7 0.7 0.7 0.7 0.7 0.8 0.8 1.1 1.1 1.1 1.1 1.1 1.1 1.1 1.1 1.1 1.1 1.1 1.1 1.1 0.8 0.8 0.8 0.7 0.7 0.7 0.7 0.7 0.7 0.8 0.8 1.1 1.1 1.1 1.1 1.1 1.1 1.1 1.1 1.1 1.1 1.1 1.1 1.1 0.8 0.8 0.8 0.7 0.7 0.7 0.7 0.7 0.7 0.8 0.8 1.1 1.1 1.1 1.1 1.1 1.1 1.1 1.1 1.1 1.1 1.1 1.1 1.1 0.8 0.8 0.8 0.7 0.7 0.7 0.7 0.7 0.7 0.8 0.8 0.8 0.8 0.8 0.8 0.8 0.8 0.8 0.8 0.8 0.8 0.8 0.8 0.8 0.8 0.8 0.8 0.7 0.7 0.7 0.7 0.7 0.7 0.8 0.8 0.8 0.8 0.8 0.8 0.8 0.8 0.8 0.8 0.8 0.8 0.8 0.8 0.8 0.8 0.8 0.8 0.7 0.7 0.7 0.7 0.7 0.7 0.8 0.8 1.1 1.1 1.1 1.1 1.1 1.1 1.1 1.1 1.1 1.1 1.1 1.1 1.1 0.8 0.8 0.8 0.7 0.7 0.7 0.7 0.7 0.7 0.8 0.8 1.1 1.1 1.1 1.1 1.1 1.1 1.1 1.1 1.1 1.1 1.1 1.1 1.1 0.8 0.8 0.8 0.7 0.7 0.7 0.7 0.7 0.7 0.8 0.8 1.1 1.1 1.1 1.1 1.1 1.1 1.1 1.1 1.1 1.1 1.1 1.1 1.1 0.8 0.8 0.8 0.7 0.7 0.7 0.7 0.7 0.7 0.8 0.8 1.1 1.1 1.1 

dispatch_manual_btm_discharge_to_grid
1
2
1
6
0 0 0 0 0 0 

dispatch_manual_charge
1
2
1
6
1 1 1 0 0 0 

dispatch_manual_discharge
1
2
1
6
0 0 1 0 0 0 

dispatch_manual_gridcharge
1
2
1
6
0 1 0 0 0 0 

dispatch_manual_percent_discharge
1
2
1
2
25 0 

dispatch_manual_percent_gridcharge
1
2
1
2
100 0 

dispatch_manual_sched
1
3
12
24
1 1 1 1 1 1 1 1 1 1 1 1 1 1 1 1 1 1 1 1 1 1 1 1 
1 1 1 1 1 1 1 1 1 1 1 1 1 1 1 1 1 1 1 1 1 1 1 1 
1 1 1 1 1 1 1 1 1 1 1 1 1 1 1 1 1 1 1 1 1 1 1 1 
1 1 1 1 1 1 1 1 1 1 1 1 1 1 1 1 1 1 1 1 1 1 1 1 
1 1 1 1 1 1 1 1 1 1 1 1 1 1 1 1 1 1 1 1 1 1 1 1 
1 1 1 1 1 1 1 1 1 1 1 1 1 1 1 1 1 1 1 1 1 1 1 1 
1 1 1 1 1 1 1 1 1 1 1 1 1 1 1 1 1 1 1 1 1 1 1 1 
1 1 1 1 1 1 1 1 1 1 1 1 1 1 1 1 1 1 1 1 1 1 1 1 
1 1 1 1 1 1 1 1 1 1 1 1 1 1 1 1 1 1 1 1 1 1 1 1 
1 1 1 1 1 1 1 1 1 1 1 1 1 1 1 1 1 1 1 1 1 1 1 1 
1 1 1 1 1 1 1 1 1 1 1 1 1 1 1 1 1 1 1 1 1 1 1 1 
1 1 1 1 1 1 1 1 1 1 1 1 1 1 1 1 1 1 1 1 1 1 1 1 

dispatch_manual_sched_weekend
1
3
12
24
1 1 1 1 1 1 1 1 1 1 1 1 1 1 1 1 1 1 1 1 1 1 1 1 
1 1 1 1 1 1 1 1 1 1 1 1 1 1 1 1 1 1 1 1 1 1 1 1 
1 1 1 1 1 1 1 1 1 1 1 1 1 1 1 1 1 1 1 1 1 1 1 1 
1 1 1 1 1 1 1 1 1 1 1 1 1 1 1 1 1 1 1 1 1 1 1 1 
1 1 1 1 1 1 1 1 1 1 1 1 1 1 1 1 1 1 1 1 1 1 1 1 
1 1 1 1 1 1 1 1 1 1 1 1 1 1 1 1 1 1 1 1 1 1 1 1 
1 1 1 1 1 1 1 1 1 1 1 1 1 1 1 1 1 1 1 1 1 1 1 1 
1 1 1 1 1 1 1 1 1 1 1 1 1 1 1 1 1 1 1 1 1 1 1 1 
1 1 1 1 1 1 1 1 1 1 1 1 1 1 1 1 1 1 1 1 1 1 1 1 
1 1 1 1 1 1 1 1 1 1 1 1 1 1 1 1 1 1 1 1 1 1 1 1 
1 1 1 1 1 1 1 1 1 1 1 1 1 1 1 1 1 1 1 1 1 1 1 1 
1 1 1 1 1 1 1 1 1 1 1 1 1 1 1 1 1 1 1 1 1 1 1 1 

dispatch_sched_weekday
1
3
12
24
1 1 1 1 1 1 1 1 1 1 1 1 1 1 1 1 1 1 1 1 1 1 1 1 
1 1 1 1 1 1 1 1 1 1 1 1 1 1 1 1 1 1 1 1 1 1 1 1 
1 1 1 1 1 1 1 1 1 1 1 1 1 1 1 1 1 1 1 1 1 1 1 1 
1 1 1 1 1 1 1 1 1 1 1 1 1 1 1 1 1 1 1 1 1 1 1 1 
1 1 1 1 1 1 1 1 1 1 1 1 1 1 1 1 1 1 1 1 1 1 1 1 
1 1 1 1 1 1 1 1 1 1 1 1 1 1 1 1 1 1 1 1 1 1 1 1 
1 1 1 1 1 1 1 1 1 1 1 1 1 1 1 1 1 1 1 1 1 1 1 1 
1 1 1 1 1 1 1 1 1 1 1 1 1 1 1 1 1 1 1 1 1 1 1 1 
1 1 1 1 1 1 1 1 1 1 1 1 1 1 1 1 1 1 1 1 1 1 1 1 
1 1 1 1 1 1 1 1 1 1 1 1 1 1 1 1 1 1 1 1 1 1 1 1 
1 1 1 1 1 1 1 1 1 1 1 1 1 1 1 1 1 1 1 1 1 1 1 1 
1 1 1 1 1 1 1 1 1 1 1 1 1 1 1 1 1 1 1 1 1 1 1 1 

dispatch_sched_weekend
1
3
12
24
1 1 1 1 1 1 1 1 1 1 1 1 1 1 1 1 1 1 1 1 1 1 1 1 
1 1 1 1 1 1 1 1 1 1 1 1 1 1 1 1 1 1 1 1 1 1 1 1 
1 1 1 1 1 1 1 1 1 1 1 1 1 1 1 1 1 1 1 1 1 1 1 1 
1 1 1 1 1 1 1 1 1 1 1 1 1 1 1 1 1 1 1 1 1 1 1 1 
1 1 1 1 1 1 1 1 1 1 1 1 1 1 1 1 1 1 1 1 1 1 1 1 
1 1 1 1 1 1 1 1 1 1 1 1 1 1 1 1 1 1 1 1 1 1 1 1 
1 1 1 1 1 1 1 1 1 1 1 1 1 1 1 1 1 1 1 1 1 1 1 1 
1 1 1 1 1 1 1 1 1 1 1 1 1 1 1 1 1 1 1 1 1 1 1 1 
1 1 1 1 1 1 1 1 1 1 1 1 1 1 1 1 1 1 1 1 1 1 1 1 
1 1 1 1 1 1 1 1 1 1 1 1 1 1 1 1 1 1 1 1 1 1 1 1 
1 1 1 1 1 1 1 1 1 1 1 1 1 1 1 1 1 1 1 1 1 1 1 1 
1 1 1 1 1 1 1 1 1 1 1 1 1 1 1 1 1 1 1 1 1 1 1 1 

dispatch_tod_factors
1
2
1
9
1 1 1 1 1 1 1 1 1 

distance_to_shore
1
1
1
1
0
distance_to_shore_file
1
1
1
1
0
distance_to_shore_input
1
1
1
1
0
dscr
1
1
1
1
0
dscr_limit_debt_fraction
1
1
1
1
0
dscr_maximum_debt_fraction
1
1
1
1
100
dscr_reserve_months
1
1
1
1
0
ducting_system_cost
1
1
1
1
0
due_diligence_cost
1
1
1
1
0
e&m_shown
1
1
1
1
0
elec_infrac_shown
1
1
1
1
0
elec_infras_cost
1
1
1
1
729609
elec_infras_cost_input
1
1
1
1
0
elec_infras_cost_method
1
1
1
1
2
elec_infras_cost_modeled
1
1
1
1
729609
elec_infras_cost_total
1
1
1
1
0
elec_infras_override
1
1
1
1
0
electrical_conversion_equipment_cost
1
1
1
1
0
electrical_equipment_onshore_substation_cost
1
1
1
1
0
electrical_generator_cost
1
1
1
1
0
electrical_generator_cost_total
1
1
1
1
0
electrical_generator_cost_total_check
1
1
1
1
0
en_batt
1
1
1
1
0
en_electricity_rates
1
1
1
1
0
en_standalone_batt
1
1
1
1
0
enable_interconnection_limit
1
1
1
1
0
energy_period
1
2
1
1
0
eng_and_mgmt_cost
1
1
1
1
419417
eng_and_mgmt_cost_input
1
1
1
1
0
eng_and_mgmt_cost_method
1
1
1
1
2
eng_and_mgmt_cost_modeled
1
1
1
1
419417
eng_and_mgmt_cost_total
1
1
1
1
0
eng_and_mgmt_override
1
1
1
1
0
engineering_certification_cost
1
1
1
1
0
entrance_exit_fees_cost
1
1
1
1
0
environmental_health_and_safety_monitoring_cost
1
1
1
1
0
environmental_health_and_safety_monitoring_cost_total
1
1
1
1
0
environmental_health_and_safety_monitoring_cost_total_check
1
1
1
1
0
environmental_monitoring_cost
1
1
1
1
0
environmental_monitoring_operations_cost
1
1
1
1
0
environmental_scoping_cost
1
1
1
1
0
environmental_surveys_cost
1
1
1
1
0
equip1_reserve_cost
1
1
1
1
0
equip1_reserve_freq
1
1
1
1
0
equip2_reserve_cost
1
1
1
1
0
equip2_reserve_freq
1
1
1
1
0
equip3_reserve_cost
1
1
1
1
0
equip3_reserve_freq
1
1
1
1
0
equip_reserve_depr_fed
1
1
1
1
0
equip_reserve_depr_sta
1
1
1
1
0
export_cable_accessories_and_jointing_cost
1
1
1
1
0
export_cable_commissioning_cost
1
1
1
1
0
export_cable_length
1
1
1
1
0
export_cable_redundancy
1
1
1
1
0
export_cable_system_cost
1
1
1
1
0
export_cable_system_cost_input
1
1
1
1
0
export_cable_system_cost_method
1
1
1
1
0
export_cable_system_cost_modeled
1
1
1
1
0
export_cable_system_cost_total
1
1
1
1
0
export_cable_system_cost_total_check
1
1
1
1
0
export_cable_system_transportation_cost
1
1
1
1
0
export_cables_cost
1
1
1
1
0
external_ballast_chambers_cost
1
1
1
1
0
fabrication_facilities_cost
1
1
1
1
0
facilities_and_ancillary_systems_cost
1
1
1
1
0
federal_energy_regulatory_commission_fees_cost
1
1
1
1
0
federal_tax_rate
1
2
1
1
0
feed_cost
1
1
1
1
0
financial_cost_input
1
1
1
1
0
financial_cost_override
1
1
1
1
0
financial_cost_total
1
1
1
1
582821
financial_cost_total_mill
1
1
1
1
0.582821
financial_itemized_shown
1
1
1
1
0
financial_override_check
1
1
1
1
0
financing_and_incentives_cost
1
1
1
1
0
financing_and_incentives_cost_total
1
1
1
1
0
financing_and_incentives_cost_total_check
1
1
1
1
0
flip_target_percent
1
1
1
1
10
flip_target_year
1
1
1
1
10
floating_array
1
1
1
1
1
foundation_assem_install_cost
1
1
1
1
0
foundation_onshore_substation_cost
1
1
1
1
0
frequency_converter_cost
1
1
1
1
0
gearbox_cost
1
1
1
1
0
gearbox_cost_total
1
1
1
1
0
gearbox_cost_total_check
1
1
1
1
0
gears_cost
1
1
1
1
0
generation_planning_and_integration_cost
1
1
1
1
0
geological_and_bathymetry_cost
1
1
1
1
0
grid_curtailment
1
2
1
1
0
grid_curtailment_price
1
2
1
1
0
grid_curtailment_price_esc
1
1
1
1
0
grid_interconnection_limit_kwac
1
1
1
1
20000
health_and_safety_monitoring_cost
1
1
1
1
0
health_safety_and_environmental_monitoring_cost
1
1
1
1
0
health_safety_and_environmental_monitoring_cost_total
1
1
1
1
0
health_safety_and_environmental_monitoring_cost_total_check
1
1
1
1
0
health_safety_monitoring_cost
1
1
1
1
0
housing_cost
1
1
1
1
0
hub_assembly_cost
1
1
1
1
0
hydraulic_drivetrain_cost
1
1
1
1
0
hydraulic_drivetrain_cost_total
1
1
1
1
0
hydraulic_drivetrain_cost_total_check
1
1
1
1
0
hydraulic_fluid_cost
1
1
1
1
0
hydraulic_motor_cost
1
1
1
1
0
hydraulic_reservoir_cost
1
1
1
1
0
ibi_fed_amount
1
1
1
1
0
ibi_fed_amount_deprbas_fed
1
1
1
1
0
ibi_fed_amount_deprbas_sta
1
1
1
1
0
ibi_fed_amount_tax_fed
1
1
1
1
1
ibi_fed_amount_tax_sta
1
1
1
1
1
ibi_fed_percent
1
1
1
1
0
ibi_fed_percent_deprbas_fed
1
1
1
1
0
ibi_fed_percent_deprbas_sta
1
1
1
1
0
ibi_fed_percent_maxvalue
1
1
1
1
0
ibi_fed_percent_tax_fed
1
1
1
1
1
ibi_fed_percent_tax_sta
1
1
1
1
1
ibi_oth_amount
1
1
1
1
0
ibi_oth_amount_deprbas_fed
1
1
1
1
0
ibi_oth_amount_deprbas_sta
1
1
1
1
0
ibi_oth_amount_tax_fed
1
1
1
1
1
ibi_oth_amount_tax_sta
1
1
1
1
1
ibi_oth_percent
1
1
1
1
0
ibi_oth_percent_deprbas_fed
1
1
1
1
0
ibi_oth_percent_deprbas_sta
1
1
1
1
0
ibi_oth_percent_maxvalue
1
1
1
1
0
ibi_oth_percent_tax_fed
1
1
1
1
1
ibi_oth_percent_tax_sta
1
1
1
1
1
ibi_sta_amount
1
1
1
1
0
ibi_sta_amount_deprbas_fed
1
1
1
1
0
ibi_sta_amount_deprbas_sta
1
1
1
1
0
ibi_sta_amount_tax_fed
1
1
1
1
1
ibi_sta_amount_tax_sta
1
1
1
1
1
ibi_sta_percent
1
1
1
1
0
ibi_sta_percent_deprbas_fed
1
1
1
1
0
ibi_sta_percent_deprbas_sta
1
1
1
1
0
ibi_sta_percent_maxvalue
1
1
1
1
0
ibi_sta_percent_tax_fed
1
1
1
1
1
ibi_sta_percent_tax_sta
1
1
1
1
1
ibi_uti_amount
1
1
1
1
0
ibi_uti_amount_deprbas_fed
1
1
1
1
0
ibi_uti_amount_deprbas_sta
1
1
1
1
0
ibi_uti_amount_tax_fed
1
1
1
1
1
ibi_uti_amount_tax_sta
1
1
1
1
1
ibi_uti_percent
1
1
1
1
0
ibi_uti_percent_deprbas_fed
1
1
1
1
0
ibi_uti_percent_deprbas_sta
1
1
1
1
0
ibi_uti_percent_maxvalue
1
1
1
1
0
ibi_uti_percent_tax_fed
1
1
1
1
1
ibi_uti_percent_tax_sta
1
1
1
1
1
incentives_cost
1
1
1
1
0
inflation_rate
1
1
1
1
2.5
initial_engineering_cost
1
1
1
1
0
initial_engineering_cost_total
1
1
1
1
0
initial_engineering_cost_total_check
1
1
1
1
0
insurance_during_construction_cost
1
1
1
1
64757.9
insurance_during_construction_cost_input
1
1
1
1
0
insurance_during_construction_cost_modeled_ui
1
1
1
1
64757.9
insurance_during_construction_method
1
1
1
1
2
insurance_during_construction_modeled
1
1
1
1
57461.8
insurance_operations_cost
1
1
1
1
0
insurance_rate
1
1
1
1
1
integration_assembly_testing_checkout_cost
1
1
1
1
0
inter_array_cable_length
1
1
1
1
0
interconnection_and_power_marketing_cost
1
1
1
1
0
interconnection_and_power_marketing_cost_total
1
1
1
1
0
interconnection_and_power_marketing_cost_total_check
1
1
1
1
0
interconnection_studies_and_fees_cost
1
1
1
1
0
is_btm
1
1
1
1
0
itc_fed_amount
1
1
1
1
0
itc_fed_amount_deprbas_fed
1
1
1
1
1
itc_fed_amount_deprbas_sta
1
1
1
1
1
itc_fed_percent
1
1
1
1
30
itc_fed_percent_deprbas_fed
1
1
1
1
1
itc_fed_percent_deprbas_sta
1
1
1
1
1
itc_fed_percent_maxvalue
1
1
1
1
1
itc_sta_amount
1
1
1
1
0
itc_sta_amount_deprbas_fed
1
1
1
1
0
itc_sta_amount_deprbas_sta
1
1
1
1
0
itc_sta_percent
1
1
1
1
0
itc_sta_percent_deprbas_fed
1
1
1
1
0
itc_sta_percent_deprbas_sta
1
1
1
1
0
itc_sta_percent_maxvalue
1
1
1
1
1
itemized_check_assem_install
1
1
1
1
2
itemized_check_construction_insurance
1
1
1
1
1
itemized_check_contingency
1
1
1
1
1
itemized_check_development
1
1
1
1
2
itemized_check_elec_infras
1
1
1
1
2
itemized_check_eng
1
1
1
1
2
itemized_check_maintenance
1
1
1
1
2
itemized_check_mooring
1
1
1
1
2
itemized_check_operations
1
1
1
1
2
itemized_check_other_financial
1
1
1
1
1
itemized_check_other_infras
1
1
1
1
2
itemized_check_pto
1
1
1
1
2
itemized_check_reserve_accounts
1
1
1
1
2
itemized_check_site_access
1
1
1
1
2
itemized_check_structural
1
1
1
1
2
itemized_num
1
1
1
1
0
jtube_seals_cost
1
1
1
1
0
ladders_cost
1
1
1
1
0
land_leases_cost
1
1
1
1
0
land_leases_onshore_substation_cost
1
1
1
1
0
lat
1
1
1
1
0
laydown_area_cost
1
1
1
1
0
lease_acquisition_activities_cost
1
1
1
1
0
legal_support_cost
1
1
1
1
0
level_check
1
1
1
1
0
level_eng
1
1
1
1
0
level_value
1
1
1
1
0
lib_dispatch_factor1
1
1
1
1
1
lib_dispatch_factor2
1
1
1
1
1
lib_dispatch_factor3
1
1
1
1
1
lib_dispatch_factor4
1
1
1
1
1
lib_dispatch_factor5
1
1
1
1
1
lib_dispatch_factor6
1
1
1
1
1
lib_dispatch_factor7
1
1
1
1
1
lib_dispatch_factor8
1
1
1
1
1
lib_dispatch_factor9
1
1
1
1
1
lib_dispatch_sched_weekday
1
3
12
24
1 1 1 1 1 1 1 1 1 1 1 1 1 1 1 1 1 1 1 1 1 1 1 1 
1 1 1 1 1 1 1 1 1 1 1 1 1 1 1 1 1 1 1 1 1 1 1 1 
1 1 1 1 1 1 1 1 1 1 1 1 1 1 1 1 1 1 1 1 1 1 1 1 
1 1 1 1 1 1 1 1 1 1 1 1 1 1 1 1 1 1 1 1 1 1 1 1 
1 1 1 1 1 1 1 1 1 1 1 1 1 1 1 1 1 1 1 1 1 1 1 1 
1 1 1 1 1 1 1 1 1 1 1 1 1 1 1 1 1 1 1 1 1 1 1 1 
1 1 1 1 1 1 1 1 1 1 1 1 1 1 1 1 1 1 1 1 1 1 1 1 
1 1 1 1 1 1 1 1 1 1 1 1 1 1 1 1 1 1 1 1 1 1 1 1 
1 1 1 1 1 1 1 1 1 1 1 1 1 1 1 1 1 1 1 1 1 1 1 1 
1 1 1 1 1 1 1 1 1 1 1 1 1 1 1 1 1 1 1 1 1 1 1 1 
1 1 1 1 1 1 1 1 1 1 1 1 1 1 1 1 1 1 1 1 1 1 1 1 
1 1 1 1 1 1 1 1 1 1 1 1 1 1 1 1 1 1 1 1 1 1 1 1 

lib_dispatch_sched_weekend
1
3
12
24
1 1 1 1 1 1 1 1 1 1 1 1 1 1 1 1 1 1 1 1 1 1 1 1 
1 1 1 1 1 1 1 1 1 1 1 1 1 1 1 1 1 1 1 1 1 1 1 1 
1 1 1 1 1 1 1 1 1 1 1 1 1 1 1 1 1 1 1 1 1 1 1 1 
1 1 1 1 1 1 1 1 1 1 1 1 1 1 1 1 1 1 1 1 1 1 1 1 
1 1 1 1 1 1 1 1 1 1 1 1 1 1 1 1 1 1 1 1 1 1 1 1 
1 1 1 1 1 1 1 1 1 1 1 1 1 1 1 1 1 1 1 1 1 1 1 1 
1 1 1 1 1 1 1 1 1 1 1 1 1 1 1 1 1 1 1 1 1 1 1 1 
1 1 1 1 1 1 1 1 1 1 1 1 1 1 1 1 1 1 1 1 1 1 1 1 
1 1 1 1 1 1 1 1 1 1 1 1 1 1 1 1 1 1 1 1 1 1 1 1 
1 1 1 1 1 1 1 1 1 1 1 1 1 1 1 1 1 1 1 1 1 1 1 1 
1 1 1 1 1 1 1 1 1 1 1 1 1 1 1 1 1 1 1 1 1 1 1 1 
1 1 1 1 1 1 1 1 1 1 1 1 1 1 1 1 1 1 1 1 1 1 1 1 

lib_wave_device
1
4
3
RM3
lib_wave_power_matrix
1
3
21
22
0 0.5 1.5 2.5 3.5 4.5 5.5 6.5 7.5 8.5 9.5 10.5 11.5 12.5 13.5 14.5 15.5 16.5 17.5 18.5 19.5 20.5 
0.25 0 0 0 0 0.4 0.6 0.8 1 1.1 1.1 1 0.8 0.7 0.6 0.5 0.4 0.3 0.3 0.2 0.2 0 
0.75 0 0 0 0 3.2 5.3 7.4 9.1 9.8 9.5 8.6 7.4 6.2 5.1 4.1 3.4 2.8 2.3 1.9 1.6 0 
1.25 0 0 0 0 9 14.8 20.5 25 26.8 25.9 23.3 20 16.8 13.8 11.3 9.2 7.6 6.3 5.2 4.3 0 
1.75 0 0 0 0 17.6 28.9 39.9 48.3 51.6 49.7 44.7 38.4 32.2 26.5 21.7 17.8 14.6 12.1 10 8.4 0 
2.25 0 0 0 0 29 47.5 65.4 78.8 83.8 80.6 72.4 62.3 52.2 43 35.3 28.9 23.8 19.7 16.3 13.7 0 
2.75 0 0 0 0 43.2 70.7 97 116.3 123.1 118.1 106.1 91.3 76.5 63.2 51.9 42.5 35 28.9 24.1 20.1 0 
3.25 0 0 0 0 60.2 98.3 134.5 160.5 169.3 162.1 145.5 125.2 105 86.8 71.3 58.5 48.2 39.9 33.2 27.8 0 
3.75 0 0 0 0 79.9 130.4 177.8 211.2 222 212.2 190.4 164 137.6 113.8 93.6 76.9 63.3 52.5 43.7 36.6 0 
4.25 0 0 0 0 102.4 166.7 226.7 268.3 281.1 268.2 240.5 207.2 174.1 144.1 118.5 97.4 80.3 66.6 55.5 46.5 0 
4.75 0 0 0 0 127.6 207.4 281.2 286 286 286 286 255 214.3 177.5 146.1 120.2 99.2 82.2 68.6 57.6 0 
5.25 0 0 0 0 155.4 252.4 286 286 286 286 286 286 258.2 214 176.3 145.1 119.8 99.4 83 69.7 0 
5.75 0 0 0 0 186 286 286 286 286 286 286 286 286 253.6 209 172.2 142.2 118.1 98.6 82.8 0 
6.25 0 0 0 0 219.2 286 286 286 286 286 286 286 286 286 244.2 201.2 166.4 138.2 115.5 97.1 0 
6.75 0 0 0 0 255 286 286 286 286 286 286 286 286 286 281.9 232.4 192.2 159.7 133.5 112.3 0 
7.25 0 0 0 0 286 286 286 286 286 286 286 286 286 286 286 265.6 219.8 182.8 152.9 128.7 0 
7.75 0 0 0 0 286 286 286 286 286 286 286 286 286 286 286 286 249 207.2 173.4 146 0 
8.25 0 0 0 0 286 286 286 286 286 286 286 286 286 286 286 286 279.9 233 195.1 164.4 0 
8.75 0 0 0 0 286 286 286 286 286 286 286 286 286 286 286 286 286 260.2 218 183.8 0 
9.25 0 0 0 0 286 286 286 286 286 286 286 286 286 286 286 286 286 286 242.1 204.1 0 
9.75 0 0 0 0 286 286 286 286 286 286 286 286 286 286 286 286 286 286 267.4 225.6 0 

library_folder_list
1
4
1
0
library_or_input_wec
1
1
1
1
0
loan_moratorium
1
1
1
1
0
location_id
1
1
1
1
0
location_ts
1
4
12
PacWave East
lon
1
1
1
1
0
long_term_service_agreement_cost
1
1
1
1
0
loss_additional
1
1
1
1
0
loss_array_spacing
1
1
1
1
0
loss_downtime
1
1
1
1
2
loss_resource_overprediction
1
1
1
1
0
loss_total
1
1
1
1
7
loss_transmission
1
1
1
1
5
lube_system_cost
1
1
1
1
0
lubrication_system_cost
1
1
1
1
0
maintenance_cost
1
1
1
1
351125
maintenance_cost_input
1
1
1
1
0
maintenance_cost_method
1
1
1
1
2
maintenance_cost_modeled
1
1
1
1
351125
maintenance_cost_total
1
1
1
1
0
maintenance_override_check
1
1
1
1
0
maintenance_reserve_account_cost
1
1
1
1
0
maintenance_we_shown
1
1
1
1
0
marine_coatings_cost
1
1
1
1
0
marine_energy_converter_device_cost
1
1
1
1
0
marine_energy_converter_device_cost_total
1
1
1
1
0
marine_energy_converter_device_cost_total_check
1
1
1
1
0
marine_energy_converter_power_consumption_cost
1
1
1
1
0
marine_energy_converter_scheduled_maintenance_cost
1
1
1
1
0
marine_energy_converter_unscheduled_maintenance_cost
1
1
1
1
0
marine_energy_tech
1
1
1
1
1
marine_management_cost
1
1
1
1
0
marine_system_cost_total_check
1
1
1
1
0
marine_systems_cost
1
1
1
1
0
marine_systems_cost_total
1
1
1
1
0
mera_cost1
1
1
1
1
0
mera_cost2
1
1
1
1
0
mera_cost3
1
1
1
1
0
mera_name1
1
4
21
Replacement Reserve 1
mera_name2
1
4
21
Replacement Reserve 2
mera_name3
1
4
21
Replacement Reserve 3
messenger_lines_and_buoys_cost
1
1
1
1
0
method_check
1
1
1
1
2
months_receivables_reserve
1
1
1
1
0
months_working_reserve
1
1
1
1
6
mooring_found_substruc_cost
1
1
1
1
558526
mooring_found_substruc_cost_input
1
1
1
1
0
mooring_found_substruc_cost_method
1
1
1
1
2
mooring_found_substruc_cost_modeled
1
1
1
1
558526
mooring_found_substruc_cost_total
1
1
1
1
0
mooring_lines_cost
1
1
1
1
0
mooring_override
1
1
1
1
0
mooring_shown
1
1
1
1
0
name
1
4
9
<invalid>
navigation_lighting_cost
1
1
1
1
0
noise_mitigation_cost
1
1
1
1
0
nominal_discount_rate
1
1
1
1
8.1375
notes
1
4
1
0
number_devices
1
1
1
1
1
number_hours
1
1
1
1
0
number_records
1
1
1
1
0
number_rows
1
1
1
1
1
offshore_accommodations_platform_cost
1
1
1
1
0
offshore_accomodations_other_infras_cost
1
1
1
1
0
offshore_electrical_infrastructure_cost
1
1
1
1
0
offshore_electrical_infrastructure_cost_total
1
1
1
1
0
offshore_electrical_infrastructure_cost_total_check
1
1
1
1
0
offshore_export_cables_assem_install_cost
1
1
1
1
0
offshore_logistical_infrastructure_assem_install_cost
1
1
1
1
0
offshore_logistical_infrastructure_other_infras_cost
1
1
1
1
0
offshore_substation_assem_install_cost
1
1
1
1
0
offshore_substation_cost
1
1
1
1
0
offshore_substation_cost_input
1
1
1
1
0
offshore_substation_cost_method
1
1
1
1
0
offshore_substation_cost_modeled
1
1
1
1
28600
offshore_substation_cost_total
1
1
1
1
0
offshore_substation_cost_total_check
1
1
1
1
0
offshore_substation_cost_total_display
1
1
1
1
0
om_cost_input
1
1
1
1
0
om_cost_override
1
1
1
1
0
om_equipment_purchases_cost
1
1
1
1
0
onshore_electric_infrastructure_assem_install_cost
1
1
1
1
0
onshore_electrical_infrastructure_cost
1
1
1
1
0
onshore_electrical_infrastructure_cost_total
1
1
1
1
0
onshore_electrical_infrastructure_cost_total_check
1
1
1
1
0
onshore_interconnection_rights_cost
1
1
1
1
0
onshore_land_lease_cost
1
1
1
1
0
onshore_om_facilities_cost
1
1
1
1
0
onshore_substation_assem_install_cost
1
1
1
1
0
onshore_substation_cost
1
1
1
1
0
onshore_substation_cost_input
1
1
1
1
0
onshore_substation_cost_method
1
1
1
1
0
onshore_substation_cost_modeled
1
1
1
1
21450
onshore_substation_cost_total
1
1
1
1
0
onshore_substation_cost_total_check
1
1
1
1
0
onshore_substations_cost
1
1
1
1
0
onshore_transmission_infrastructure_cost
1
1
1
1
0
onshore_transmission_infrastructure_cost_total
1
1
1
1
0
onshore_transmission_infrastructure_cost_total_check
1
1
1
1
0
onshore_transmission_infrastructure_transportation_cost
1
1
1
1
0
operating_equipment_cost
1
1
1
1
0
operating_facilities_cost
1
1
1
1
0
operating_margin_cost
1
1
1
1
0
operations_cost
1
1
1
1
888220
operations_cost_input
1
1
1
1
0
operations_cost_method
1
1
1
1
2
operations_cost_modeled
1
1
1
1
888220
operations_cost_total
1
1
1
1
0
operations_management_general_administration_cost
1
1
1
1
0
operations_management_general_administration_cost_total
1
1
1
1
0
operations_management_general_administration_cost_total_check
1
1
1
1
0
operations_override_check
1
1
1
1
0
opex_we_shown
1
1
1
1
0
other_air_turbine_cost
1
1
1
1
0
other_ancillary_marine_system_cost
1
1
1
1
0
other_array_cable_system_cost
1
1
1
1
0
other_assem_install_cost
1
1
1
1
0
other_business_cost
1
1
1
1
0
other_cable_protection_cost
1
1
1
1
0
other_construction_management_cost
1
1
1
1
0
other_cost_total
1
1
1
1
0
other_costs
1
1
1
1
0
other_development_cost
1
1
1
1
0
other_elec_infra_cost
1
1
1
1
0
other_elec_infra_cost_input
1
1
1
1
0
other_elec_infra_cost_method
1
1
1
1
0
other_elec_infra_cost_modeled
1
1
1
1
679559
other_elec_infra_cost_total
1
1
1
1
0
other_electrical_generator_cost
1
1
1
1
0
other_eng_cost
1
1
1
1
0
other_eng_cost_total_display
1
1
1
1
0
other_export_cable_system_cost
1
1
1
1
0
other_financial_cost
1
1
1
1
0
other_financial_cost_input
1
1
1
1
0
other_financial_cost_method
1
1
1
1
2
other_financial_cost_modeled
1
1
1
1
0
other_financing_cost
1
1
1
1
0
other_gearbox_cost
1
1
1
1
0
other_gen_admin_cost
1
1
1
1
0
other_health_and_safety_cost
1
1
1
1
0
other_hydraulic_drivetrain_cost
1
1
1
1
0
other_infras_override
1
1
1
1
0
other_infrastructure_cost
1
1
1
1
0
other_infrastructure_cost_input
1
1
1
1
0
other_infrastructure_cost_method
1
1
1
1
2
other_infrastructure_cost_modeled
1
1
1
1
0
other_infrastructure_cost_total
1
1
1
1
0
other_infrastructure_transportation_other_infras_cost
1
1
1
1
0
other_initial_engineering_cost
1
1
1
1
0
other_interconnection_cost
1
1
1
1
0
other_maintenance_cost
1
1
1
1
0
other_marine_energy_converter_device_cost
1
1
1
1
0
other_marine_system_cost
1
1
1
1
0
other_monitoring_cost
1
1
1
1
0
other_mooring_cost
1
1
1
1
0
other_offshore_electrical_infrastructure_cost
1
1
1
1
0
other_offshore_substation_cost
1
1
1
1
0
other_onshore_electrical_infrastructure_cost
1
1
1
1
0
other_onshore_substation_cost
1
1
1
1
0
other_onshore_transmission_infrastructure_cost
1
1
1
1
0
other_operations_cost
1
1
1
1
0
other_other_infras_cost
1
1
1
1
0
other_outfitting_structure_cost
1
1
1
1
0
other_permitting_and_leasing_cost
1
1
1
1
0
other_port_fees_cost
1
1
1
1
0
other_power_electronics_cost
1
1
1
1
0
other_prime_mover_cost
1
1
1
1
0
other_project_management_cost
1
1
1
1
0
other_pto_cost
1
1
1
1
0
other_pto_total
1
1
1
1
0
other_reserve_account_cost
1
1
1
1
0
other_scheduled_maintenance_cost
1
1
1
1
0
other_shortterm_energy_storage_cost
1
1
1
1
0
other_site_access_cost
1
1
1
1
0
other_site_characterization_cost
1
1
1
1
0
other_site_selection_cost
1
1
1
1
0
other_staging_port_cost
1
1
1
1
0
other_substructure_cost
1
1
1
1
0
other_unscheduled_maintenance_cost
1
1
1
1
0
outfitting_structure_cost
1
1
1
1
0
outfitting_structure_cost_total
1
1
1
1
0
outfitting_structure_cost_total_check
1
1
1
1
0
overhead_lines_cost
1
1
1
1
0
overhead_transmission_line_cost
1
1
1
1
0
override_check_structural
1
1
1
1
0
payment_option
1
1
1
1
0
pbi_fed_amount
1
2
1
1
0
pbi_fed_escal
1
1
1
1
0
pbi_fed_for_ds
1
1
1
1
0
pbi_fed_tax_fed
1
1
1
1
1
pbi_fed_tax_sta
1
1
1
1
1
pbi_fed_term
1
1
1
1
0
pbi_oth_amount
1
2
1
1
0
pbi_oth_escal
1
1
1
1
0
pbi_oth_for_ds
1
1
1
1
0
pbi_oth_tax_fed
1
1
1
1
1
pbi_oth_tax_sta
1
1
1
1
1
pbi_oth_term
1
1
1
1
0
pbi_sta_amount
1
2
1
1
0
pbi_sta_escal
1
1
1
1
0
pbi_sta_for_ds
1
1
1
1
0
pbi_sta_tax_fed
1
1
1
1
1
pbi_sta_tax_sta
1
1
1
1
1
pbi_sta_term
1
1
1
1
0
pbi_uti_amount
1
2
1
1
0
pbi_uti_escal
1
1
1
1
0
pbi_uti_for_ds
1
1
1
1
0
pbi_uti_tax_fed
1
1
1
1
1
pbi_uti_tax_sta
1
1
1
1
1
pbi_uti_term
1
1
1
1
0
permit_acquisition_activities_cost
1
1
1
1
0
permitting_and_leasing_cost
1
1
1
1
0
permitting_and_leasing_cost_total
1
1
1
1
0
permitting_and_leasing_cost_total_check
1
1
1
1
0
personnel_access_system_cost
1
1
1
1
0
personnel_access_system_mooring_cost
1
1
1
1
0
personnel_facilities_cost
1
1
1
1
0
plant_commissioning_cost
1
1
1
1
103613
plant_commissioning_cost_input
1
1
1
1
0
plant_commissioning_cost_method
1
1
1
1
2
plant_commissioning_cost_modeled
1
1
1
1
91938.9
plant_commissioning_cost_modeled_ui
1
1
1
1
103613
plumbing_fittings_cost
1
1
1
1
0
port_fees_cost
1
1
1
1
0
port_fees_cost_total
1
1
1
1
0
port_fees_cost_total_check
1
1
1
1
0
port_fees_total
1
1
1
1
0
port_improvement_cost
1
1
1
1
0
power_electrical_system_cost
1
1
1
1
0
power_electronics_cost
1
1
1
1
0
power_electronics_cost_total
1
1
1
1
0
power_electronics_cost_total_check
1
1
1
1
0
power_marketing_cost
1
1
1
1
0
power_takeoff_enclosure_cost
1
1
1
1
0
power_takeoff_enclosure_cost_total
1
1
1
1
0
power_takeoff_system_assem_install_cost
1
1
1
1
0
power_takeoff_system_cost
1
1
1
1
942275
power_takeoff_system_cost_input
1
1
1
1
0
power_takeoff_system_cost_input_label
1
1
1
1
0
power_takeoff_system_cost_method
1
1
1
1
2
power_takeoff_system_cost_modeled
1
1
1
1
942275
power_takeoff_system_cost_total
1
1
1
1
0
power_takeoff_system_total_label
1
1
1
1
0
ppa_escalation
1
1
1
1
1
ppa_multiplier_model
1
1
1
1
0
ppa_price_input
1
2
1
1
0
ppa_soln_mode
1
1
1
1
0
pre_feed_cost
1
1
1
1
0
primary_hydraulic_pump_cost
1
1
1
1
0
primary_struct_assem_cost
1
1
1
1
0
prime_mover_cost
1
1
1
1
0
prime_mover_cost_total
1
1
1
1
0
prime_mover_cost_total_check
1
1
1
1
0
procurement_cost
1
1
1
1
0
procurement_management_cost
1
1
1
1
0
procurement_management_cost_total_display
1
1
1
1
0
professional_advisory_services_cost
1
1
1
1
0
professional_advisory_services_operations_cost
1
1
1
1
0
profit_cost
1
1
1
1
0
profit_eng_cost
1
1
1
1
0
project_certification_cost
1
1
1
1
0
project_certification_cost_total_display
1
1
1
1
0
project_contingency_budget_cost
1
1
1
1
323789
project_contingency_cost_input
1
1
1
1
0
project_contingency_cost_method
1
1
1
1
2
project_contingency_cost_modeled_ui
1
1
1
1
323789
project_contingency_modeled
1
1
1
1
287309
project_management_during_development_cost
1
1
1
1
0
project_management_during_development_cost_total
1
1
1
1
0
project_management_during_development_cost_total_check
1
1
1
1
0
prop_tax_assessed_decline
1
1
1
1
0
prop_tax_cost_assessed_percent
1
1
1
1
100
property_assessed_value
1
1
1
1
7.23346e+06
property_tax_rate
1
1
1
1
1
protection_control_cost
1
1
1
1
0
ptc_fed_amount
1
2
1
1
0
ptc_fed_escal
1
1
1
1
0
ptc_fed_term
1
1
1
1
10
ptc_sta_amount
1
2
1
1
0
ptc_sta_escal
1
1
1
1
0
ptc_sta_term
1
1
1
1
10
pto_override
1
1
1
1
0
pto_shown
1
1
1
1
0
pv.storage.p1.charge
1
1
1
1
1
pv.storage.p1.discharge
1
1
1
1
0
pv.storage.p1.dischargetogrid
1
1
1
1
0
pv.storage.p1.gridcharge
1
1
1
1
0
pv.storage.p2.charge
1
1
1
1
1
pv.storage.p2.discharge
1
1
1
1
0
pv.storage.p2.dischargetogrid
1
1
1
1
0
pv.storage.p2.gridcharge
1
1
1
1
1
pv.storage.p3.charge
1
1
1
1
1
pv.storage.p3.discharge
1
1
1
1
1
pv.storage.p3.dischargetogrid
1
1
1
1
0
pv.storage.p3.gridcharge
1
1
1
1
0
pv.storage.p4.charge
1
1
1
1
0
pv.storage.p4.discharge
1
1
1
1
0
pv.storage.p4.dischargetogrid
1
1
1
1
0
pv.storage.p4.gridcharge
1
1
1
1
0
pv.storage.p5.charge
1
1
1
1
0
pv.storage.p5.discharge
1
1
1
1
0
pv.storage.p5.dischargetogrid
1
1
1
1
0
pv.storage.p5.gridcharge
1
1
1
1
0
pv.storage.p6.charge
1
1
1
1
0
pv.storage.p6.discharge
1
1
1
1
0
pv.storage.p6.dischargetogrid
1
1
1
1
0
pv.storage.p6.gridcharge
1
1
1
1
0
quay_cost
1
1
1
1
0
quayside_docking_fees_cost
1
1
1
1
0
railings_cost
1
1
1
1
0
rate_escalation
1
2
1
1
0
real_discount_rate
1
1
1
1
5.5
rectifying_circuit_cost
1
1
1
1
0
reserve_accounts_cost
1
1
1
1
194274
reserve_accounts_cost_input
1
1
1
1
0
reserve_accounts_cost_method
1
1
1
1
2
reserve_accounts_cost_modeled_ui
1
1
1
1
194274
reserve_accounts_cost_total
1
1
1
1
0
reserve_accounts_modeled
1
1
1
1
172385
reserves_interest
1
1
1
1
1.75
resource_and_metocean_assessment_cost
1
1
1
1
0
resource_assessment_cost
1
1
1
1
0
revenue_TOD_is_shown
1
1
1
1
0
revenue_capacity_payments_is_shown
1
1
1
1
0
revenue_curtailment_is_shown
1
1
1
1
0
riser_cable_length
1
1
1
1
0
rotors_cost
1
1
1
1
0
row_spacing
1
1
1
1
600
salaries_cost
1
1
1
1
0
salaries_eng_cost
1
1
1
1
0
sales_general_and_administrative_cost
1
1
1
1
0
sales_general_and_administrative_eng_cost
1
1
1
1
0
sales_general_and_administrative_operations_cost
1
1
1
1
0
sales_tax_rate
1
1
1
1
0
salvage_percentage
1
1
1
1
0
salvage_value
1
1
1
1
0
scada_cost
1
1
1
1
0
scheduled_maintenance_cost
1
1
1
1
0
scheduled_maintenance_cost_total
1
1
1
1
0
scheduled_maintenance_cost_total_check
1
1
1
1
0
scour_protection_assem_install_cost
1
1
1
1
0
scour_protection_cost
1
1
1
1
0
scour_protection_elec_infras_cost
1
1
1
1
0
self_supporting_towers_with_insulators_cost
1
1
1
1
0
sensor_elec_gen_cost
1
1
1
1
0
sensors_cost
1
1
1
1
0
service_platforms_and_decks_cost
1
1
1
1
0
shaft_assembly_cost
1
1
1
1
0
shortterm_energy_storage_cost
1
1
1
1
0
shortterm_energy_storage_cost_total
1
1
1
1
0
show_CapitalCostSO
1
1
1
1
0
show_DebtConstDSCR
1
1
1
1
0
show_ReserveAccounts
1
1
1
1
0
show_construction_period
1
1
1
1
1
significant_wave_height
1
2
1
1
0
site_access_override
1
1
1
1
0
site_access_port_staging_cost
1
1
1
1
71233.7
site_access_port_staging_cost_input
1
1
1
1
0
site_access_port_staging_cost_method
1
1
1
1
2
site_access_port_staging_cost_modeled
1
1
1
1
63208
site_access_port_staging_cost_modeled_ui
1
1
1
1
71233.7
site_access_port_staging_cost_total
1
1
1
1
0
site_access_shown
1
1
1
1
0
site_characterization_cost
1
1
1
1
0
site_characterization_cost_total
1
1
1
1
0
site_characterization_cost_total_check
1
1
1
1
0
site_selection_cost
1
1
1
1
0
site_selection_cost_total
1
1
1
1
0
site_selection_cost_total_check
1
1
1
1
0
solution_mode_message
1
4
0
staging_port_cost
1
1
1
1
0
staging_port_cost_total
1
1
1
1
0
staging_port_cost_total_check
1
1
1
1
0
stakeholder_outreach_cost
1
1
1
1
0
state_tax_rate
1
2
1
1
0
stator_cost
1
1
1
1
0
struct_and_mechanical_cost
1
1
1
1
0
struct_level_total_label
1
1
1
1
0
struct_override
1
1
1
1
0
struct_user_input_label
1
1
1
1
0
structural_assembly_assem_install_cost
1
1
1
1
0
structural_assembly_cost
1
1
1
1
866431
structural_assembly_cost_input
1
1
1
1
0
structural_assembly_cost_method
1
1
1
1
2
structural_assembly_cost_modeled
1
1
1
1
866431
structural_assembly_cost_modeled_formatted
1
1
1
1
866431
structural_assembly_cost_total
1
1
1
1
0
structure_foundations_cost
1
1
1
1
0
stuctural_assem_shown
1
1
1
1
0
subfoundation_or_bedding_cost
1
1
1
1
0
submerged_land_lease_cost
1
1
1
1
0
substructure_and_foundation_cost
1
1
1
1
0
substructure_assem_install_cost
1
1
1
1
0
substructure_assem_install_cost_total
1
1
1
1
0
substructure_assem_install_cost_total_check
1
1
1
1
0
substructures_and_foundations_cost
1
1
1
1
0
system_capacity
1
1
1
1
286
system_use_lifetime_output
1
1
1
1
0
term_int_rate
1
1
1
1
0
term_tenor
1
1
1
1
0
test_num
1
1
1
1
0
tod_library
1
4
16
Uniform Dispatch
topside_cost
1
1
1
1
0
total_bos_cost_lcoe
1
1
1
1
0
total_bos_cost_per_kwh
1
1
1
1
0
total_capital_cost_per_kwh
1
1
1
1
0
total_device_cost_lcoe
1
1
1
1
0
total_device_cost_per_kwh
1
1
1
1
0
total_financial_cost_lcoe
1
1
1
1
0
total_financial_cost_per_kwh
1
1
1
1
0
total_installed_cost
1
1
1
1
7.23346e+06
total_installed_cost_lcoe
1
1
1
1
0
total_installed_cost_mill
1
1
1
1
7.23346
total_installed_cost_structural
1
1
1
1
866431
total_operating_cost
1
1
1
1
1.23934e+06
total_operating_cost_mill
1
1
1
1
1.23934
total_operations_cost_lcoe
1
1
1
1
0
total_operations_cost_per_kwh
1
1
1
1
0
total_rated_capacity
1
1
1
1
286
total_test
1
1
1
1
7.23346e+06
transmission_charges_rights_cost
1
1
1
1
0
transmission_towers_cost
1
1
1
1
0
transport_power_conversion_chain_cost
1
1
1
1
0
transport_power_conversion_chain_cost_total
1
1
1
1
0
transport_structure_cost
1
1
1
1
0
transport_structure_cost_total
1
1
1
1
0
transportation_cost
1
1
1
1
0
turbine_bearings_cost
1
1
1
1
0
tz
1
1
1
1
0
ui_batt_life_model
1
1
1
1
0
ui_copy_batt_discharge_percent_1
1
1
1
1
25
ui_copy_batt_discharge_percent_2
1
1
1
1
25
ui_copy_batt_discharge_percent_3
1
1
1
1
25
ui_copy_batt_discharge_percent_4
1
1
1
1
25
ui_copy_batt_discharge_percent_5
1
1
1
1
25
ui_copy_batt_discharge_percent_6
1
1
1
1
25
ui_electricity_rate_option
1
1
1
1
0
ui_step_minutes
1
1
1
1
525600
ui_wacc
1
1
1
1
4.06875
underground_cable_system_cost
1
1
1
1
0
underground_cable_system_onshore_electrical_infrastructure_cost
1
1
1
1
0
unscheduled_maintenance_contingency_cost
1
1
1
1
0
unscheduled_maintenance_cost
1
1
1
1
0
unscheduled_maintenance_cost_total
1
1
1
1
0
unscheduled_maintenance_cost_total_check
1
1
1
1
0
ur_annual_min_charge
1
1
1
1
0
ur_billing_demand_is_shown
1
1
1
1
0
ur_billing_demand_lookback_percentages
1
3
1
1
0
ur_billing_demand_lookback_period
1
1
1
1
0
ur_billing_demand_minimum
1
1
1
1
0
ur_cr_sched
1
3
1
1
0
ur_cr_tou_mat
1
3
1
1
0
ur_dc_billing_demand_periods
1
3
1
1
0
ur_dc_enable
1
1
1
1
0
ur_dc_flat_mat
1
3
12
4
0 1 1e+38 0 
1 1 1e+38 0 
2 1 1e+38 0 
3 1 1e+38 0 
4 1 1e+38 0 
5 1 1e+38 0 
6 1 1e+38 0 
7 1 1e+38 0 
8 1 1e+38 0 
9 1 1e+38 0 
10 1 1e+38 0 
11 1 1e+38 0 

ur_dc_is_shown
1
1
1
1
1
ur_dc_sched_weekday
1
3
12
24
1 1 1 1 1 1 1 1 1 1 1 1 1 1 1 1 1 1 1 1 1 1 1 1 
1 1 1 1 1 1 1 1 1 1 1 1 1 1 1 1 1 1 1 1 1 1 1 1 
1 1 1 1 1 1 1 1 1 1 1 1 1 1 1 1 1 1 1 1 1 1 1 1 
1 1 1 1 1 1 1 1 1 1 1 1 1 1 1 1 1 1 1 1 1 1 1 1 
1 1 1 1 1 1 1 1 1 1 1 1 1 1 1 1 1 1 1 1 1 1 1 1 
1 1 1 1 1 1 1 1 1 1 1 1 1 1 1 1 1 1 1 1 1 1 1 1 
1 1 1 1 1 1 1 1 1 1 1 1 1 1 1 1 1 1 1 1 1 1 1 1 
1 1 1 1 1 1 1 1 1 1 1 1 1 1 1 1 1 1 1 1 1 1 1 1 
1 1 1 1 1 1 1 1 1 1 1 1 1 1 1 1 1 1 1 1 1 1 1 1 
1 1 1 1 1 1 1 1 1 1 1 1 1 1 1 1 1 1 1 1 1 1 1 1 
1 1 1 1 1 1 1 1 1 1 1 1 1 1 1 1 1 1 1 1 1 1 1 1 
1 1 1 1 1 1 1 1 1 1 1 1 1 1 1 1 1 1 1 1 1 1 1 1 

ur_dc_sched_weekend
1
3
12
24
1 1 1 1 1 1 1 1 1 1 1 1 1 1 1 1 1 1 1 1 1 1 1 1 
1 1 1 1 1 1 1 1 1 1 1 1 1 1 1 1 1 1 1 1 1 1 1 1 
1 1 1 1 1 1 1 1 1 1 1 1 1 1 1 1 1 1 1 1 1 1 1 1 
1 1 1 1 1 1 1 1 1 1 1 1 1 1 1 1 1 1 1 1 1 1 1 1 
1 1 1 1 1 1 1 1 1 1 1 1 1 1 1 1 1 1 1 1 1 1 1 1 
1 1 1 1 1 1 1 1 1 1 1 1 1 1 1 1 1 1 1 1 1 1 1 1 
1 1 1 1 1 1 1 1 1 1 1 1 1 1 1 1 1 1 1 1 1 1 1 1 
1 1 1 1 1 1 1 1 1 1 1 1 1 1 1 1 1 1 1 1 1 1 1 1 
1 1 1 1 1 1 1 1 1 1 1 1 1 1 1 1 1 1 1 1 1 1 1 1 
1 1 1 1 1 1 1 1 1 1 1 1 1 1 1 1 1 1 1 1 1 1 1 1 
1 1 1 1 1 1 1 1 1 1 1 1 1 1 1 1 1 1 1 1 1 1 1 1 
1 1 1 1 1 1 1 1 1 1 1 1 1 1 1 1 1 1 1 1 1 1 1 1 

ur_dc_tou_mat
1
3
2
4
1 1 1e+38 0 
2 1 1e+38 0 

ur_demand_attrs
1
4
0
ur_demand_history
1
1
1
1
0
ur_demand_max
1
1
1
1
0
ur_demand_min
1
1
1
1
0
ur_demand_reactive_power_charge
1
1
1
1
0
ur_demand_window
1
1
1
1
0
ur_desc_is_shown
1
1
1
1
0
ur_description
1
4
0
ur_ec_is_shown
1
1
1
1
1
ur_ec_sched_weekday
1
3
12
24
1 1 1 1 1 1 1 1 1 1 1 1 1 1 1 1 1 1 1 1 1 1 1 1 
1 1 1 1 1 1 1 1 1 1 1 1 1 1 1 1 1 1 1 1 1 1 1 1 
1 1 1 1 1 1 1 1 1 1 1 1 1 1 1 1 1 1 1 1 1 1 1 1 
1 1 1 1 1 1 1 1 1 1 1 1 1 1 1 1 1 1 1 1 1 1 1 1 
1 1 1 1 1 1 1 1 1 1 1 1 1 1 1 1 1 1 1 1 1 1 1 1 
1 1 1 1 1 1 1 1 1 1 1 1 1 1 1 1 1 1 1 1 1 1 1 1 
1 1 1 1 1 1 1 1 1 1 1 1 1 1 1 1 1 1 1 1 1 1 1 1 
1 1 1 1 1 1 1 1 1 1 1 1 1 1 1 1 1 1 1 1 1 1 1 1 
1 1 1 1 1 1 1 1 1 1 1 1 1 1 1 1 1 1 1 1 1 1 1 1 
1 1 1 1 1 1 1 1 1 1 1 1 1 1 1 1 1 1 1 1 1 1 1 1 
1 1 1 1 1 1 1 1 1 1 1 1 1 1 1 1 1 1 1 1 1 1 1 1 
1 1 1 1 1 1 1 1 1 1 1 1 1 1 1 1 1 1 1 1 1 1 1 1 

ur_ec_sched_weekend
1
3
12
24
1 1 1 1 1 1 1 1 1 1 1 1 1 1 1 1 1 1 1 1 1 1 1 1 
1 1 1 1 1 1 1 1 1 1 1 1 1 1 1 1 1 1 1 1 1 1 1 1 
1 1 1 1 1 1 1 1 1 1 1 1 1 1 1 1 1 1 1 1 1 1 1 1 
1 1 1 1 1 1 1 1 1 1 1 1 1 1 1 1 1 1 1 1 1 1 1 1 
1 1 1 1 1 1 1 1 1 1 1 1 1 1 1 1 1 1 1 1 1 1 1 1 
1 1 1 1 1 1 1 1 1 1 1 1 1 1 1 1 1 1 1 1 1 1 1 1 
1 1 1 1 1 1 1 1 1 1 1 1 1 1 1 1 1 1 1 1 1 1 1 1 
1 1 1 1 1 1 1 1 1 1 1 1 1 1 1 1 1 1 1 1 1 1 1 1 
1 1 1 1 1 1 1 1 1 1 1 1 1 1 1 1 1 1 1 1 1 1 1 1 
1 1 1 1 1 1 1 1 1 1 1 1 1 1 1 1 1 1 1 1 1 1 1 1 
1 1 1 1 1 1 1 1 1 1 1 1 1 1 1 1 1 1 1 1 1 1 1 1 
1 1 1 1 1 1 1 1 1 1 1 1 1 1 1 1 1 1 1 1 1 1 1 1 

ur_ec_tou_mat
1
3
16
6
1 1 9.6 2 0.16756 0 
1 2 12.48 2 0.17999 0 
1 3 19.2 2 0.34805 0 
1 4 1e+38 2 0.45718 0 
2 1 9.6 2 0.14747 0 
2 2 12.48 2 0.1599 0 
2 3 19.2 2 0.3134 0 
2 4 1e+38 2 0.34283 0 
3 1 10.1 2 0.14982 0 
3 2 13.13 2 0.16225 0 
3 3 20.2 2 0.29989 0 
3 4 1e+38 2 0.35231 0 
4 1 10.1 2 0.14747 0 
4 2 13.13 2 0.1599 0 
4 3 20.2 2 0.29603 0 
4 4 1e+38 2 0.34241 0 

ur_en_ts_buy_rate
1
1
1
1
0
ur_en_ts_sell_rate
1
1
1
1
0
ur_enable_billing_demand
1
1
1
1
0
ur_end_date
1
4
5
empty
ur_energy_attrs
1
4
0
ur_energy_history
1
1
1
1
0
ur_energy_max
1
1
1
1
0
ur_energy_min
1
1
1
1
0
ur_fixed_attrs
1
4
0
ur_fuel_adjustments_monthly
1
2
1
1
0
ur_has_unused_items
1
1
1
1
0
ur_is_default
1
1
1
1
0
ur_lookback_months
1
2
1
1
0
ur_metering_option
1
1
1
1
0
ur_monthly_fixed_charge
1
1
1
1
0
ur_monthly_min_charge
1
1
1
1
0
ur_name
1
4
0
ur_nm_credit_month
1
1
1
1
0
ur_nm_credit_rollover
1
1
1
1
0
ur_nm_yearend_sell_rate
1
1
1
1
0
ur_phase_wiring
1
4
0
ur_rate_notes
1
4
0
ur_ratedata_filename
1
4
0
ur_schedule_name
1
4
5
empty
ur_service_type
1
4
0
ur_source
1
4
5
empty
ur_start_date
1
4
5
empty
ur_ts_buy_rate
1
2
1
1
0
ur_ts_sell_rate
1
2
1
1
0
ur_unused_is_shown
1
1
1
1
0
ur_uri
1
4
5
empty
ur_utility
1
4
5
empty
ur_voltage_category
1
4
0
ur_voltage_max
1
1
1
1
0
ur_voltage_min
1
1
1
1
0
ur_yearzero_usage_peaks
1
2
1
1
0
use_wavefile_spacing
1
1
1
1
0
user_input_devices_per_row
1
1
1
1
10
user_input_number_rows
1
1
1
1
3
user_wave_power_matrix
1
3
21
22
0 0.5 1.5 2.5 3.5 4.5 5.5 6.5 7.5 8.5 9.5 10.5 11.5 12.5 13.5 14.5 15.5 16.5 17.5 18.5 19.5 20.5 
0.25 2.05045 2.15454 2.01637 1.84733 2.38697 3.55259 4.60307 5.27591 5.39764 5.05089 4.44892 3.77273 3.1296 2.56767 2.0993 1.71829 1.41149 1.16559 0.968417 0.880558 0.8 
0.75 2.44221 2.72987 3.44338 5.03942 8.0931 12.0177 15.5071 17.6864 18.028 16.8421 14.8326 12.586 10.4497 8.58121 7.02162 5.75191 4.72979 3.90958 3.25097 2.95757 3.46236 
1.25 4.29244 5.855 8.26663 11.4938 17.5571 26.0068 33.4115 37.9155 38.5052 35.9131 31.6233 26.8495 22.3122 18.3399 15.02 12.3137 10.1344 8.386 6.97992 6.35259 7.12108 
1.75 9.02886 12.2027 16.1388 20.7837 30.7382 45.4177 58.1012 65.6197 66.4105 61.8425 54.4481 46.2577 38.4737 31.6501 25.9412 21.2864 17.534 14.5216 12.098 11.0155 11.8174 
2.25 16.8449 21.4871 26.8355 32.8872 47.5964 70.1535 89.3813 100.501 101.39 94.2804 82.9987 70.5518 58.7236 48.3504 39.6601 32.5689 26.8503 22.2548 18.5564 16.9038 17.6941 
2.75 27.5362 33.5853 40.3351 47.783 68.0927 100.119 127.069 142.291 143.136 132.93 117.01 99.5139 82.8902 68.3011 56.0687 46.0762 38.0155 31.5314 26.3122 23.9817 24.7519 
3.25 41.0305 48.4758 56.6164 65.4499 92.1888 135.227 170.996 190.751 191.378 177.523 156.253 132.959 110.824 91.3833 75.0728 61.7381 50.9748 42.3095 35.3293 32.2123 32.9675 
3.75 57.3066 66.1374 75.6583 85.8667 119.847 175.392 221.008 245.665 245.877 227.828 200.524 170.718 142.399 117.508 96.5968 79.4937 65.6806 54.5544 45.5836 41.5747 42.3168 
4.25 76.3432 86.549 97.4397 109.013 151.029 220.524 276.952 280 280 280 249.657 212.645 177.492 146.572 120.574 99.2844 82.0851 68.2318 57.0509 52.0528 52.7769 
4.75 98.1194 109.69 121.94 134.867 185.699 270.548 280 280 280 280 280 258.624 216.007 178.501 146.947 121.073 100.154 83.3015 69.6951 63.6111 64.3288 
5.25 122.615 135.539 149.139 163.41 223.821 280 280 280 280 280 280 280 257.876 213.235 175.655 144.828 119.871 99.754 83.5104 76.2452 76.9578 
5.75 149.808 164.077 179.015 194.621 265.36 280 280 280 280 280 280 280 280 250.721 206.654 170.498 141.211 117.583 98.4938 89.9537 90.6502 
6.25 179.68 195.283 211.55 228.48 280 280 280 280 280 280 280 280 280 280 239.931 198.058 164.128 136.741 114.605 104.7 105.394 
6.75 212.21 229.137 246.724 264.967 280 280 280 280 280 280 280 280 280 280 275.433 227.504 188.624 157.233 131.852 120.491 121.178 
7.25 240 256 264 280 280 280 280 280 280 280 280 280 280 280 280 258.787 214.677 179.045 150.221 137.316 137.987 
7.75 248 260 280 280 280 280 280 280 280 280 280 280 280 280 280 280 242.283 202.173 169.712 155.175 155.775 
8.25 256 280 280 280 280 280 280 280 280 280 280 280 280 280 280 280 271.425 226.605 190.316 174.062 174.332 
8.75 280 280 280 280 280 280 280 280 280 280 280 280 280 280 280 280 280 252.324 212.004 193.949 192.698 
9.25 280 280 280 280 280 280 280 280 280 280 280 280 280 280 280 280 280 279.356 256 232 208 
9.75 280 280 280 280 280 280 280 280 280 280 280 280 280 280 280 280 280 280 264 240 224 

valves_cost
1
1
1
1
0
variable_air_turbine
1
1
1
1
0
variable_electrical_generator
1
1
1
1
0
variable_gearbox
1
1
1
1
0
variable_hydraulic_drivetrain
1
1
1
1
0
variable_marine_systems
1
1
1
1
0
variable_power_electronics
1
1
1
1
0
variable_prime_mover
1
1
1
1
0
vessel_landing_cost
1
1
1
1
0
water_depth
1
1
1
1
0
water_depth_file
1
1
1
1
0
water_depth_input
1
1
1
1
0
wave_device_name
1
4
8
Device 1
wave_power_matrix
1
3
21
22
0 0.5 1.5 2.5 3.5 4.5 5.5 6.5 7.5 8.5 9.5 10.5 11.5 12.5 13.5 14.5 15.5 16.5 17.5 18.5 19.5 20.5 
0.25 0 0 0 0 0.4 0.6 0.8 1 1.1 1.1 1 0.8 0.7 0.6 0.5 0.4 0.3 0.3 0.2 0.2 0 
0.75 0 0 0 0 3.2 5.3 7.4 9.1 9.8 9.5 8.6 7.4 6.2 5.1 4.1 3.4 2.8 2.3 1.9 1.6 0 
1.25 0 0 0 0 9 14.8 20.5 25 26.8 25.9 23.3 20 16.8 13.8 11.3 9.2 7.6 6.3 5.2 4.3 0 
1.75 0 0 0 0 17.6 28.9 39.9 48.3 51.6 49.7 44.7 38.4 32.2 26.5 21.7 17.8 14.6 12.1 10 8.4 0 
2.25 0 0 0 0 29 47.5 65.4 78.8 83.8 80.6 72.4 62.3 52.2 43 35.3 28.9 23.8 19.7 16.3 13.7 0 
2.75 0 0 0 0 43.2 70.7 97 116.3 123.1 118.1 106.1 91.3 76.5 63.2 51.9 42.5 35 28.9 24.1 20.1 0 
3.25 0 0 0 0 60.2 98.3 134.5 160.5 169.3 162.1 145.5 125.2 105 86.8 71.3 58.5 48.2 39.9 33.2 27.8 0 
3.75 0 0 0 0 79.9 130.4 177.8 211.2 222 212.2 190.4 164 137.6 113.8 93.6 76.9 63.3 52.5 43.7 36.6 0 
4.25 0 0 0 0 102.4 166.7 226.7 268.3 281.1 268.2 240.5 207.2 174.1 144.1 118.5 97.4 80.3 66.6 55.5 46.5 0 
4.75 0 0 0 0 127.6 207.4 281.2 286 286 286 286 255 214.3 177.5 146.1 120.2 99.2 82.2 68.6 57.6 0 
5.25 0 0 0 0 155.4 252.4 286 286 286 286 286 286 258.2 214 176.3 145.1 119.8 99.4 83 69.7 0 
5.75 0 0 0 0 186 286 286 286 286 286 286 286 286 253.6 209 172.2 142.2 118.1 98.6 82.8 0 
6.25 0 0 0 0 219.2 286 286 286 286 286 286 286 286 286 244.2 201.2 166.4 138.2 115.5 97.1 0 
6.75 0 0 0 0 255 286 286 286 286 286 286 286 286 286 281.9 232.4 192.2 159.7 133.5 112.3 0 
7.25 0 0 0 0 286 286 286 286 286 286 286 286 286 286 286 265.6 219.8 182.8 152.9 128.7 0 
7.75 0 0 0 0 286 286 286 286 286 286 286 286 286 286 286 286 249 207.2 173.4 146 0 
8.25 0 0 0 0 286 286 286 286 286 286 286 286 286 286 286 286 279.9 233 195.1 164.4 0 
8.75 0 0 0 0 286 286 286 286 286 286 286 286 286 286 286 286 286 260.2 218 183.8 0 
9.25 0 0 0 0 286 286 286 286 286 286 286 286 286 286 286 286 286 286 242.1 204.1 0 
9.75 0 0 0 0 286 286 286 286 286 286 286 286 286 286 286 286 286 286 267.4 225.6 0 

wave_resource_filename_ts
1
4
0
weather_forecasting_cost
1
1
1
1
0
wharfage_fees_cost
1
1
1
1
0
year
1
2
1
1
0
