1
120
adjust
1
5
1
0
bop_spec_cost
1
1
1
1
100
c_construction_cost
1
2
1
3
80 10 10 

c_construction_duration
1
1
1
1
0
c_construction_interest
1
1
1
1
8
c_debt_percent
1
1
1
1
60
c_depreciation_schedule
1
2
1
6
20 32 19.2 11.52 11.52 5.76 

c_equity_return
1
1
1
1
13
c_inflation
1
1
1
1
2.5
c_lifetime
1
1
1
1
20
c_nominal_interest_rate
1
1
1
1
8
c_tax_rate
1
1
1
1
40
capital_cost
1
1
1
1
508500
cols
1
1
1
1
1
contingency_rate
1
1
1
1
8.85
cost_sf_fixed
1
1
1
1
0
csp.pt.cost.bop
1
1
1
1
0
csp.pt.cost.contingency
1
1
1
1
99462.7
csp.pt.cost.epc.fixed
1
1
1
1
0
csp.pt.cost.epc.per_acre
1
1
1
1
0
csp.pt.cost.epc.per_watt
1
1
1
1
0
csp.pt.cost.epc.percent
1
1
1
1
15
csp.pt.cost.epc.total
1
1
1
1
183500
csp.pt.cost.fossil
1
1
1
1
0
csp.pt.cost.heliostats
1
1
1
1
2534.64
csp.pt.cost.heliostats_m2
1
1
1
1
12
csp.pt.cost.installed_per_capacity
1
1
1
1
2.42628
csp.pt.cost.nameplate
1
1
1
1
600
csp.pt.cost.plm.fixed
1
1
1
1
0
csp.pt.cost.plm.per_watt
1
1
1
1
0
csp.pt.cost.plm.percent
1
1
1
1
0
csp.pt.cost.plm.total
1
1
1
1
0
csp.pt.cost.power_block
1
1
1
1
0
csp.pt.cost.power_block_mwe
1
1
1
1
0
csp.pt.cost.rec_height
1
1
1
1
0
csp.pt.cost.receiver
1
1
1
1
0
csp.pt.cost.receiver.area
1
1
1
1
0
csp.pt.cost.sales_tax.total
1
1
1
1
48933.4
csp.pt.cost.sales_tax.value
1
1
1
1
5
csp.pt.cost.site_improvements
1
1
1
1
36
csp.pt.cost.site_improvements_m2
1
1
1
1
17
csp.pt.cost.storage
1
1
1
1
0
csp.pt.cost.storage_mwht
1
1
1
1
0
csp.pt.cost.total_land_area
1
1
1
1
105
csp.pt.cost.tower
1
1
1
1
1.1213e+06
desired_farm_size
1
1
1
1
0
fixed_charge_rate
1
1
1
1
0.0975058
fixed_operating_cost
1
1
1
1
15300
fossil_spec_cost
1
1
1
1
0
heliostat_spec_cost
1
1
1
1
211.22
land_spec_cost
1
1
1
1
0
om_capacity
1
2
1
1
50
om_capacity_escal
1
1
1
1
0
om_fixed
1
2
1
1
0
om_fixed_escal
1
1
1
1
0
om_fuel_cost
1
2
1
1
0
om_fuel_cost_escal
1
1
1
1
0
om_production
1
2
1
1
0
om_production_escal
1
1
1
1
0
om_replacement_cost1
1
2
1
1
0
om_replacement_cost_escal
1
1
1
1
0
plant_spec_cost
1
1
1
1
730.98
rec_cost_exp
1
1
1
1
0.7
rec_ref_area
1
1
1
1
1110
rec_ref_cost
1
1
1
1
5.54028e+07
rows
1
1
1
1
1
sales_tax_frac
1
1
1
1
80
site_spec_cost
1
1
1
1
3
sizing_warning
1
1
1
1
0
specify_label
1
1
1
1
0
system_capacity
1
1
1
1
300
system_use_lifetime_output
1
1
1
1
0
system_use_recapitalization
1
1
1
1
0
tes_spec_cost
1
1
1
1
40
total_direct_cost
1
1
1
1
1.22334e+06
total_indirect_cost
1
1
1
1
232434
total_installed_cost
1
1
1
1
1.45577e+06
tower_exp
1
1
1
1
0.01298
tower_fixed_cost
1
1
1
1
899272
ui_capital_cost_capacity
1
1
1
1
1695
ui_capital_cost_fixed
1
1
1
1
0
ui_cfin
1
1
1
1
1.0389
ui_cost_input_option
1
1
1
1
1
ui_crf
1
1
1
1
0.0832903
ui_direct_subtotal
1
1
1
1
1.12387e+06
ui_fcr_input_option
1
1
1
1
1
ui_fixed_charge_rate
1
1
1
1
0.098
ui_heliostat_height
1
1
1
1
23
ui_ireal
1
1
1
1
0.0536585
ui_lbl_cff_msg
1
4
0
ui_operating_cost_capacity
1
1
1
1
51
ui_operating_cost_fixed
1
1
1
1
0
ui_pfin
1
1
1
1
1.12684
ui_receiver_height
1
1
1
1
25
ui_system_capacity
1
1
1
1
300
ui_tower_height
1
1
1
1
18
ui_variable_operating_cost
1
1
1
1
0
ui_wacc
1
1
1
1
0.054439
variable_operating_cost
1
1
1
1
0
wave_power_curve
1
3
21
22
0 0.5 1.5 2.5 3.5 4.5 5.5 6.5 7.5 8.5 9.5 10.5 11.5 12.5 13.5 14.5 15.5 16.5 17.5 18.5 19.5 20.5 
0.25 2.05045 2.15454 2.01637 1.84733 2.38697 3.55259 4.60307 5.27591 5.39764 5.05089 4.44892 3.77273 3.1296 2.56767 2.0993 1.71829 1.41149 1.16559 0.968417 0.880558 0.8 
0.75 2.44221 2.72987 3.44338 5.03942 8.0931 12.0177 15.5071 17.6864 18.028 16.8421 14.8326 12.586 10.4497 8.58121 7.02162 5.75191 4.72979 3.90958 3.25097 2.95757 3.46236 
1.25 4.29244 5.855 8.26663 11.4938 17.5571 26.0068 33.4115 37.9155 38.5052 35.9131 31.6233 26.8495 22.3122 18.3399 15.02 12.3137 10.1344 8.386 6.97992 6.35259 7.12108 
1.75 9.02886 12.2027 16.1388 20.7837 30.7382 45.4177 58.1012 65.6197 66.4105 61.8425 54.4481 46.2577 38.4737 31.6501 25.9412 21.2864 17.534 14.5216 12.098 11.0155 11.8174 
2.25 16.8449 21.4871 26.8355 32.8872 47.5964 70.1535 89.3813 100.501 101.39 94.2804 82.9987 70.5518 58.7236 48.3504 39.6601 32.5689 26.8503 22.2548 18.5564 16.9038 17.6941 
2.75 27.5362 33.5853 40.3351 47.783 68.0927 100.119 127.069 142.291 143.136 132.93 117.01 99.5139 82.8902 68.3011 56.0687 46.0762 38.0155 31.5314 26.3122 23.9817 24.7519 
3.25 41.0305 48.4758 56.6164 65.4499 92.1888 135.227 170.996 190.751 191.378 177.523 156.253 132.959 110.824 91.3833 75.0728 61.7381 50.9748 42.3095 35.3293 32.2123 32.9675 
3.75 57.3066 66.1374 75.6583 85.8667 119.847 175.392 221.008 245.665 245.877 227.828 200.524 170.718 142.399 117.508 96.5968 79.4937 65.6806 54.5544 45.5836 41.5747 42.3168 
4.25 76.3432 86.549 97.4397 109.013 151.029 220.524 276.952 280 280 280 249.657 212.645 177.492 146.572 120.574 99.2844 82.0851 68.2318 57.0509 52.0528 52.7769 
4.75 98.1194 109.69 121.94 134.867 185.699 270.548 280 280 280 280 280 258.624 216.007 178.501 146.947 121.073 100.154 83.3015 69.6951 63.6111 64.3288 
5.25 122.615 135.539 149.139 163.41 223.821 280 280 280 280 280 280 280 257.876 213.235 175.655 144.828 119.871 99.754 83.5104 76.2452 76.9578 
5.75 149.808 164.077 179.015 194.621 265.36 280 280 280 280 280 280 280 280 250.721 206.654 170.498 141.211 117.583 98.4938 89.9537 90.6502 
6.25 179.68 195.283 211.55 228.48 280 280 280 280 280 280 280 280 280 280 239.931 198.058 164.128 136.741 114.605 104.7 105.394 
6.75 212.21 229.137 246.724 264.967 280 280 280 280 280 280 280 280 280 280 275.433 227.504 188.624 157.233 131.852 120.491 121.178 
7.25 240 256 264 280 280 280 280 280 280 280 280 280 280 280 280 258.787 214.677 179.045 150.221 137.316 137.987 
7.75 248 260 280 280 280 280 280 280 280 280 280 280 280 280 280 280 242.283 202.173 169.712 155.175 155.775 
8.25 256 280 280 280 280 280 280 280 280 280 280 280 280 280 280 280 271.425 226.605 190.316 174.062 174.332 
8.75 280 280 280 280 280 280 280 280 280 280 280 280 280 280 280 280 280 252.324 212.004 193.949 192.698 
9.25 280 280 280 280 280 280 280 280 280 280 280 280 280 280 280 280 280 279.356 256 232 208 
9.75 280 280 280 280 280 280 280 280 280 280 280 280 280 280 280 280 280 280 264 240 224 

wave_resource_definition
1
3
21
22
0 0.5 1.5 2.5 3.5 4.5 5.5 6.5 7.5 8.5 9.5 10.5 11.5 12.5 13.5 14.5 15.5 16.5 17.5 18.5 19.5 20.5 
0.25 0 0 0 0 0 0 0 0.0195799 0.0339386 0 0 0 0 0 0 0 0 0 0 0 0 
0.75 0 0 0 0 0.0195799 0.464697 1.48677 2.68115 1.90578 1.10431 0.53388 0.170998 0.015664 0 0 0 0 0 0 0 0 
1.25 0 0 0 0 0.0130533 0.588704 4.10657 5.55809 4.47859 2.73597 1.27661 0.67355 0.327638 0.0678771 0.0182746 0.0169693 0 0 0 0 0 
1.75 0 0 0 0 0 0.118785 3.26985 5.14039 4.62478 3.92643 2.10811 1.23615 0.762313 0.309363 0.0965944 0.0287173 0 0 0 0 0 
2.25 0 0 0 0 0 0 0.918952 5.25004 3.67581 4.1392 2.8652 1.31055 0.843243 0.422927 0.19841 0.0757091 0.0195799 0 0 0 0 
2.75 0 0 0 0 0 0 0.13706 2.42791 2.5963 2.81821 2.84692 1.5664 0.796251 0.317195 0.144892 0.0561292 0.0182746 0 0 0 0 
3.25 0 0 0 0 0 0 0 0.445117 1.5429 1.4698 1.9593 1.4202 0.789724 0.3185 0.107037 0.0404652 0.0195799 0.011748 0.0104426 0 0 
3.75 0 0 0 0 0 0 0 0.0482972 0.490804 0.629169 1.0769 1.00641 0.627864 0.291089 0.101816 0.0482972 0.0182746 0 0 0 0 
4.25 0 0 0 0 0 0 0 0 0.0939837 0.208853 0.449033 0.558681 0.4164 0.211463 0.0678771 0.0234959 0.0208853 0 0 0 0 
4.75 0 0 0 0 0 0 0 0 0.0195799 0.0822358 0.121396 0.263677 0.266287 0.186662 0.0717931 0.0234959 0.0104426 0 0 0 0 
5.25 0 0 0 0 0 0 0 0 0 0.0274119 0.0274119 0.105732 0.151418 0.130533 0.0704878 0.0208853 0 0 0 0 0 
5.75 0 0 0 0 0 0 0 0 0 0 0 0.0221906 0.0730985 0.0548238 0.0456865 0.0182746 0 0 0 0 0 
6.25 0 0 0 0 0 0 0 0 0 0 0 0 0.0326332 0.0404652 0.0208853 0.011748 0 0 0 0 0 
6.75 0 0 0 0 0 0 0 0 0 0 0 0 0 0.0208853 0.0182746 0 0 0 0 0 0 
7.25 0 0 0 0 0 0 0 0 0 0 0 0 0 0 0 0 0 0 0 0 0 
7.75 0 0 0 0 0 0 0 0 0 0 0 0 0 0 0 0 0 0 0 0 0 
8.25 0 0 0 0 0 0 0 0 0 0 0 0 0 0 0 0 0 0 0 0 0 
8.75 0 0 0 0 0 0 0 0 0 0 0 0 0 0 0 0 0 0 0 0 0 
9.25 0 0 0 0 0 0 0 0 0 0 0 0 0 0 0 0 0 0 0 0 0 
9.75 0 0 0 0 0 0 0 0 0 0 0 0 0 0 0 0 0 0 0 0 0 

wind_farm_losses_percent
1
1
1
1
0
wind_farm_num_turbines
1
1
1
1
1
wind_farm_sizing_mode
1
1
1
1
0
wind_farm_wake_model
1
1
1
1
0
wind_farm_xCoord_file
1
2
1
1
0
wind_farm_xCoordinates
1
2
1
1
0
wind_farm_yCoord_file
1
2
1
1
0
wind_farm_yCoordinates
1
2
1
1
0
wind_resource_turbulence_coeff
1
1
1
1
0.1
windfarm.farm.layout_angle
1
1
1
1
0
windfarm.farm.layout_slider
1
1
1
1
0
windfarm.farm.number_of_rows
1
1
1
1
4
windfarm.farm.offset
1
1
1
1
250
windfarm.farm.offset_type
1
1
1
1
1
windfarm.farm.row_spacing
1
1
1
1
750
windfarm.farm.shape
1
1
1
1
0
windfarm.farm.turbine_spacing
1
1
1
1
500
windfarm.farm.turbines_per_row
1
1
1
1
8
windfarm.layout.file_or_controls
1
1
1
1
1
