1
209
a_error_test_number
1
1
1
1
17.345
a_error_test_string
1
4
17
"default err msg"
adjust
1
5
1
5
constant
1
1
1
1
0
en_hourly
1
1
1
1
0
en_periods
1
1
1
1
0
hourly
1
2
1
8760
0 0 0 0 0 0 0 0 0 0 0 0 0 0 0 0 0 0 0 0 0 0 0 0 0 0 0 0 0 0 0 0 0 0 0 0 0 0 0 0 0 0 0 0 0 0 0 0 0 0 0 0 0 0 0 0 0 0 0 0 0 0 0 0 0 0 0 0 0 0 0 0 0 0 0 0 0 0 0 0 0 0 0 0 0 0 0 0 0 0 0 0 0 0 0 0 0 0 0 0 0 0 0 0 0 0 0 0 0 0 0 0 0 0 0 0 0 0 0 0 0 0 0 0 0 0 0 0 0 0 0 0 0 0 0 0 0 0 0 0 0 0 0 0 0 0 0 0 0 0 0 0 0 0 0 0 0 0 0 0 0 0 0 0 0 0 0 0 0 0 0 0 0 0 0 0 0 0 0 0 0 0 0 0 0 0 0 0 0 0 0 0 0 0 0 0 0 0 0 0 0 0 0 0 0 0 0 0 0 0 0 0 0 0 0 0 0 0 0 0 0 0 0 0 0 0 0 0 0 0 0 0 0 0 0 0 0 0 0 0 0 0 0 0 0 0 0 0 0 0 0 0 0 0 0 0 0 0 0 0 0 0 0 0 0 0 0 0 0 0 0 0 0 0 0 0 0 0 0 0 0 0 0 0 0 0 0 0 0 0 0 0 0 0 0 0 0 0 0 0 0 0 0 0 0 0 0 0 0 0 0 0 0 0 0 0 0 0 0 0 0 0 0 0 0 0 0 0 0 0 0 0 0 0 0 0 0 0 0 0 0 0 0 0 0 0 0 0 0 0 0 0 0 0 0 0 0 0 0 0 0 0 0 0 0 0 0 0 0 0 0 0 0 0 0 0 0 0 0 0 0 0 0 0 0 0 0 0 0 0 0 0 0 0 0 0 0 0 0 0 0 0 0 0 0 0 0 0 0 0 0 0 0 0 0 0 0 0 0 0 0 0 0 0 0 0 0 0 0 0 0 0 0 0 0 0 0 0 0 0 0 0 0 0 0 0 0 0 0 0 0 0 0 0 0 0 0 0 0 0 0 0 0 0 0 0 0 0 0 0 0 0 0 0 0 0 0 0 0 0 0 0 0 0 0 0 0 0 0 0 0 0 0 0 0 0 0 0 0 0 0 0 0 0 0 0 0 0 0 0 0 0 0 0 0 0 0 0 0 0 0 0 0 0 0 0 0 0 0 0 0 0 0 0 0 0 0 0 0 0 0 0 0 0 0 0 0 0 0 0 0 0 0 0 0 0 0 0 0 0 0 0 0 0 0 0 0 0 0 0 0 0 0 0 0 0 0 0 0 0 0 0 0 0 0 0 0 0 0 0 0 0 0 0 0 0 0 0 0 0 0 0 0 0 0 0 0 0 0 0 0 0 0 0 0 0 0 0 0 0 0 0 0 0 0 0 0 0 0 0 0 0 0 0 0 0 0 0 0 0 0 0 0 0 0 0 0 0 0 0 0 0 0 0 0 0 0 0 0 0 0 0 0 0 0 0 0 0 0 0 0 0 0 0 0 0 0 0 0 0 0 0 0 0 0 0 0 0 0 0 0 0 0 0 0 0 0 0 0 0 0 0 0 0 0 0 0 0 0 0 0 0 0 0 0 0 0 0 0 0 0 0 0 0 0 0 0 0 0 0 0 0 0 0 0 0 0 0 0 0 0 0 0 0 0 0 0 0 0 0 0 0 0 0 0 0 0 0 0 0 0 0 0 0 0 0 0 0 0 0 0 0 0 0 0 0 0 0 0 0 0 0 0 0 0 0 0 0 0 0 0 0 0 0 0 0 0 0 0 0 0 0 0 0 0 0 0 0 0 0 0 0 0 0 0 0 0 0 0 0 0 0 0 0 0 0 0 0 0 0 0 0 0 0 0 0 0 0 0 0 0 0 0 0 0 0 0 0 0 0 0 0 0 0 0 0 0 0 0 0 0 0 0 0 0 0 0 0 0 0 0 0 0 0 0 0 0 0 0 0 0 0 0 0 0 0 0 0 0 0 0 0 0 0 0 0 0 0 0 0 0 0 0 0 0 0 0 0 0 0 0 0 0 0 0 0 0 0 0 0 0 0 0 0 0 0 0 0 0 0 0 0 0 0 0 0 0 0 0 0 0 0 0 0 0 0 0 0 0 0 0 0 0 0 0 0 0 0 0 0 0 0 0 0 0 0 0 0 0 0 0 0 0 0 0 0 0 0 0 0 0 0 0 0 0 0 0 0 0 0 0 0 0 0 0 0 0 0 0 0 0 0 0 0 0 0 0 0 0 0 0 0 0 0 0 0 0 0 0 0 0 0 0 0 0 0 0 0 0 0 0 0 0 0 0 0 0 0 0 0 0 0 0 0 0 0 0 0 0 0 0 0 0 0 0 0 0 0 0 0 0 0 0 0 0 0 0 0 0 0 0 0 0 0 0 0 0 0 0 0 0 0 0 0 0 0 0 0 0 0 0 0 0 0 0 0 0 0 0 0 0 0 0 0 0 0 0 0 0 0 0 0 0 0 0 0 0 0 0 0 0 0 0 0 0 0 0 0 0 0 0 0 0 0 0 0 0 0 0 0 0 0 0 0 0 0 0 0 0 0 0 0 0 0 0 0 0 0 0 0 0 0 0 0 0 0 0 0 0 0 0 0 0 0 0 0 0 0 0 0 0 0 0 0 0 0 0 0 0 0 0 0 0 0 0 0 0 0 0 0 0 0 0 0 0 0 0 0 0 0 0 0 0 0 0 0 0 0 0 0 0 0 0 0 0 0 0 0 0 0 0 0 0 0 0 0 0 0 0 0 0 0 0 0 0 0 0 0 0 0 0 0 0 0 0 0 0 0 0 0 0 0 0 0 0 0 0 0 0 0 0 0 0 0 0 0 0 0 0 0 0 0 0 0 0 0 0 0 0 0 0 0 0 0 0 0 0 0 0 0 0 0 0 0 0 0 0 0 0 0 0 0 0 0 0 0 0 0 0 0 0 0 0 0 0 0 0 0 0 0 0 0 0 0 0 0 0 0 0 0 0 0 0 0 0 0 0 0 0 0 0 0 0 0 0 0 0 0 0 0 0 0 0 0 0 0 0 0 0 0 0 0 0 0 0 0 0 0 0 0 0 0 0 0 0 0 0 0 0 0 0 0 0 0 0 0 0 0 0 0 0 0 0 0 0 0 0 0 0 0 0 0 0 0 0 0 0 0 0 0 0 0 0 0 0 0 0 0 0 0 0 0 0 0 0 0 0 0 0 0 0 0 0 0 0 0 0 0 0 0 0 0 0 0 0 0 0 0 0 0 0 0 0 0 0 0 0 0 0 0 0 0 0 0 0 0 0 0 0 0 0 0 0 0 0 0 0 0 0 0 0 0 0 0 0 0 0 0 0 0 0 0 0 0 0 0 0 0 0 0 0 0 0 0 0 0 0 0 0 0 0 0 0 0 0 0 0 0 0 0 0 0 0 0 0 0 0 0 0 0 0 0 0 0 0 0 0 0 0 0 0 0 0 0 0 0 0 0 0 0 0 0 0 0 0 0 0 0 0 0 0 0 0 0 0 0 0 0 0 0 0 0 0 0 0 0 0 0 0 0 0 0 0 0 0 0 0 0 0 0 0 0 0 0 0 0 0 0 0 0 0 0 0 0 0 0 0 0 0 0 0 0 0 0 0 0 0 0 0 0 0 0 0 0 0 0 0 0 0 0 0 0 0 0 0 0 0 0 0 0 0 0 0 0 0 0 0 0 0 0 0 0 0 0 0 0 0 0 0 0 0 0 0 0 0 0 0 0 0 0 0 0 0 0 0 0 0 0 0 0 0 0 0 0 0 0 0 0 0 0 0 0 0 0 0 0 0 0 0 0 0 0 0 0 0 0 0 0 0 0 0 0 0 0 0 0 0 0 0 0 0 0 0 0 0 0 0 0 0 0 0 0 0 0 0 0 0 0 0 0 0 0 0 0 0 0 0 0 0 0 0 0 0 0 0 0 0 0 0 0 0 0 0 0 0 0 0 0 0 0 0 0 0 0 0 0 0 0 0 0 0 0 0 0 0 0 0 0 0 0 0 0 0 0 0 0 0 0 0 0 0 0 0 0 0 0 0 0 0 0 0 0 0 0 0 0 0 0 0 0 0 0 0 0 0 0 0 0 0 0 0 0 0 0 0 0 0 0 0 0 0 0 0 0 0 0 0 0 0 0 0 0 0 0 0 0 0 0 0 0 0 0 0 0 0 0 0 0 0 0 0 0 0 0 0 0 0 0 0 0 0 0 0 0 0 0 0 0 0 0 0 0 0 0 0 0 0 0 0 0 0 0 0 0 0 0 0 0 0 0 0 0 0 0 0 0 0 0 0 0 0 0 0 0 0 0 0 0 0 0 0 0 0 0 0 0 0 0 0 0 0 0 0 0 0 0 0 0 0 0 0 0 0 0 0 0 0 0 0 0 0 0 0 0 0 0 0 0 0 0 0 0 0 0 0 0 0 0 0 0 0 0 0 0 0 0 0 0 0 0 0 0 0 0 0 0 0 0 0 0 0 0 0 0 0 0 0 0 0 0 0 0 0 0 0 0 0 0 0 0 0 0 0 0 0 0 0 0 0 0 0 0 0 0 0 0 0 0 0 0 0 0 0 0 0 0 0 0 0 0 0 0 0 0 0 0 0 0 0 0 0 0 0 0 0 0 0 0 0 0 0 0 0 0 0 0 0 0 0 0 0 0 0 0 0 0 0 0 0 0 0 0 0 0 0 0 0 0 0 0 0 0 0 0 0 0 0 0 0 0 0 0 0 0 0 0 0 0 0 0 0 0 0 0 0 0 0 0 0 0 0 0 0 0 0 0 0 0 0 0 0 0 0 0 0 0 0 0 0 0 0 0 0 0 0 0 0 0 0 0 0 0 0 0 0 0 0 0 0 0 0 0 0 0 0 0 0 0 0 0 0 0 0 0 0 0 0 0 0 0 0 0 0 0 0 0 0 0 0 0 0 0 0 0 0 0 0 0 0 0 0 0 0 0 0 0 0 0 0 0 0 0 0 0 0 0 0 0 0 0 0 0 0 0 0 0 0 0 0 0 0 0 0 0 0 0 0 0 0 0 0 0 0 0 0 0 0 0 0 0 0 0 0 0 0 0 0 0 0 0 0 0 0 0 0 0 0 0 0 0 0 0 0 0 0 0 0 0 0 0 0 0 0 0 0 0 0 0 0 0 0 0 0 0 0 0 0 0 0 0 0 0 0 0 0 0 0 0 0 0 0 0 0 0 0 0 0 0 0 0 0 0 0 0 0 0 0 0 0 0 0 0 0 0 0 0 0 0 0 0 0 0 0 0 0 0 0 0 0 0 0 0 0 0 0 0 0 0 0 0 0 0 0 0 0 0 0 0 0 0 0 0 0 0 0 0 0 0 0 0 0 0 0 0 0 0 0 0 0 0 0 0 0 0 0 0 0 0 0 0 0 0 0 0 0 0 0 0 0 0 0 0 0 0 0 0 0 0 0 0 0 0 0 0 0 0 0 0 0 0 0 0 0 0 0 0 0 0 0 0 0 0 0 0 0 0 0 0 0 0 0 0 0 0 0 0 0 0 0 0 0 0 0 0 0 0 0 0 0 0 0 0 0 0 0 0 0 0 0 0 0 0 0 0 0 0 0 0 0 0 0 0 0 0 0 0 0 0 0 0 0 0 0 0 0 0 0 0 0 0 0 0 0 0 0 0 0 0 0 0 0 0 0 0 0 0 0 0 0 0 0 0 0 0 0 0 0 0 0 0 0 0 0 0 0 0 0 0 0 0 0 0 0 0 0 0 0 0 0 0 0 0 0 0 0 0 0 0 0 0 0 0 0 0 0 0 0 0 0 0 0 0 0 0 0 0 0 0 0 0 0 0 0 0 0 0 0 0 0 0 0 0 0 0 0 0 0 0 0 0 0 0 0 0 0 0 0 0 0 0 0 0 0 0 0 0 0 0 0 0 0 0 0 0 0 0 0 0 0 0 0 0 0 0 0 0 0 0 0 0 0 0 0 0 0 0 0 0 0 0 0 0 0 0 0 0 0 0 0 0 0 0 0 0 0 0 0 0 0 0 0 0 0 0 0 0 0 0 0 0 0 0 0 0 0 0 0 0 0 0 0 0 0 0 0 0 0 0 0 0 0 0 0 0 0 0 0 0 0 0 0 0 0 0 0 0 0 0 0 0 0 0 0 0 0 0 0 0 0 0 0 0 0 0 0 0 0 0 0 0 0 0 0 0 0 0 0 0 0 0 0 0 0 0 0 0 0 0 0 0 0 0 0 0 0 0 0 0 0 0 0 0 0 0 0 0 0 0 0 0 0 0 0 0 0 0 0 0 0 0 0 0 0 0 0 0 0 0 0 0 0 0 0 0 0 0 0 0 0 0 0 0 0 0 0 0 0 0 0 0 0 0 0 0 0 0 0 0 0 0 0 0 0 0 0 0 0 0 0 0 0 0 0 0 0 0 0 0 0 0 0 0 0 0 0 0 0 0 0 0 0 0 0 0 0 0 0 0 0 0 0 0 0 0 0 0 0 0 0 0 0 0 0 0 0 0 0 0 0 0 0 0 0 0 0 0 0 0 0 0 0 0 0 0 0 0 0 0 0 0 0 0 0 0 0 0 0 0 0 0 0 0 0 0 0 0 0 0 0 0 0 0 0 0 0 0 0 0 0 0 0 0 0 0 0 0 0 0 0 0 0 0 0 0 0 0 0 0 0 0 0 0 0 0 0 0 0 0 0 0 0 0 0 0 0 0 0 0 0 0 0 0 0 0 0 0 0 0 0 0 0 0 0 0 0 0 0 0 0 0 0 0 0 0 0 0 0 0 0 0 0 0 0 0 0 0 0 0 0 0 0 0 0 0 0 0 0 0 0 0 0 0 0 0 0 0 0 0 0 0 0 0 0 0 0 0 0 0 0 0 0 0 0 0 0 0 0 0 0 0 0 0 0 0 0 0 0 0 0 0 0 0 0 0 0 0 0 0 0 0 0 0 0 0 0 0 0 0 0 0 0 0 0 0 0 0 0 0 0 0 0 0 0 0 0 0 0 0 0 0 0 0 0 0 0 0 0 0 0 0 0 0 0 0 0 0 0 0 0 0 0 0 0 0 0 0 0 0 0 0 0 0 0 0 0 0 0 0 0 0 0 0 0 0 0 0 0 0 0 0 0 0 0 0 0 0 0 0 0 0 0 0 0 0 0 0 0 0 0 0 0 0 0 0 0 0 0 0 0 0 0 0 0 0 0 0 0 0 0 0 0 0 0 0 0 0 0 0 0 0 0 0 0 0 0 0 0 0 0 0 0 0 0 0 0 0 0 0 0 0 0 0 0 0 0 0 0 0 0 0 0 0 0 0 0 0 0 0 0 0 0 0 0 0 0 0 0 0 0 0 0 0 0 0 0 0 0 0 0 0 0 0 0 0 0 0 0 0 0 0 0 0 0 0 0 0 0 0 0 0 0 0 0 0 0 0 0 0 0 0 0 0 0 0 0 0 0 0 0 0 0 0 0 0 0 0 0 0 0 0 0 0 0 0 0 0 0 0 0 0 0 0 0 0 0 0 0 0 0 0 0 0 0 0 0 0 0 0 0 0 0 0 0 0 0 0 0 0 0 0 0 0 0 0 0 0 0 0 0 0 0 0 0 0 0 0 0 0 0 0 0 0 0 0 0 0 0 0 0 0 0 0 0 0 0 0 0 0 0 0 0 0 0 0 0 0 0 0 0 0 0 0 0 0 0 0 0 0 0 0 0 0 0 0 0 0 0 0 0 0 0 0 0 0 0 0 0 0 0 0 0 0 0 0 0 0 0 0 0 0 0 0 0 0 0 0 0 0 0 0 0 0 0 0 0 0 0 0 0 0 0 0 0 0 0 0 0 0 0 0 0 0 0 0 0 0 0 0 0 0 0 0 0 0 0 0 0 0 0 0 0 0 0 0 0 0 0 0 0 0 0 0 0 0 0 0 0 0 0 0 0 0 0 0 0 0 0 0 0 0 0 0 0 0 0 0 0 0 0 0 0 0 0 0 0 0 0 0 0 0 0 0 0 0 0 0 0 0 0 0 0 0 0 0 0 0 0 0 0 0 0 0 0 0 0 0 0 0 0 0 0 0 0 0 0 0 0 0 0 0 0 0 0 0 0 0 0 0 0 0 0 0 0 0 0 0 0 0 0 0 0 0 0 0 0 0 0 0 0 0 0 0 0 0 0 0 0 0 0 0 0 0 0 0 0 0 0 0 0 0 0 0 0 0 0 0 0 0 0 0 0 0 0 0 0 0 0 0 0 0 0 0 0 0 0 0 0 0 0 0 0 0 0 0 0 0 0 0 0 0 0 0 0 0 0 0 0 0 0 0 0 0 0 0 0 0 0 0 0 0 0 0 0 0 0 0 0 0 0 0 0 0 0 0 0 0 0 0 0 0 0 0 0 0 0 0 0 0 0 0 0 0 0 0 0 0 0 0 0 0 0 0 0 0 0 0 0 0 0 0 0 0 0 0 0 0 0 0 0 0 0 0 0 0 0 0 0 0 0 0 0 0 0 0 0 0 0 0 0 0 0 0 0 0 0 0 0 0 0 0 0 0 0 0 0 0 0 0 0 0 0 0 0 0 0 0 0 0 0 0 0 0 0 0 0 0 0 0 0 0 0 0 0 0 0 0 0 0 0 0 0 0 0 0 0 0 0 0 0 0 0 0 0 0 0 0 0 0 0 0 0 0 0 0 0 0 0 0 0 0 0 0 0 0 0 0 0 0 0 0 0 0 0 0 0 0 0 0 0 0 0 0 0 0 0 0 0 0 0 0 0 0 0 0 0 0 0 0 0 0 0 0 0 0 0 0 0 0 0 0 0 0 0 0 0 0 0 0 0 0 0 0 0 0 0 0 0 0 0 0 0 0 0 0 0 0 0 0 0 0 0 0 0 0 0 0 0 0 0 0 0 0 0 0 0 0 0 0 0 0 0 0 0 0 0 0 0 0 0 0 0 0 0 0 0 0 0 0 0 0 0 0 0 0 0 0 0 0 0 0 0 0 0 0 0 0 0 0 0 0 0 0 0 0 0 0 0 0 0 0 0 0 0 0 0 0 0 0 0 0 0 0 0 0 0 0 0 0 0 0 0 0 0 0 0 0 0 0 0 0 0 0 0 0 0 0 0 0 0 0 0 0 0 0 0 0 0 0 0 0 0 0 0 0 0 0 0 0 0 0 0 0 0 0 0 0 0 0 0 0 0 0 0 0 0 0 0 0 0 0 0 0 0 0 0 0 0 0 0 0 0 0 0 0 0 0 0 0 0 0 0 0 0 0 0 0 0 0 0 0 0 0 0 0 0 0 0 0 0 0 0 0 0 0 0 0 0 0 0 0 0 0 0 0 0 0 0 0 0 0 0 0 0 0 0 0 0 0 0 0 0 0 0 0 0 0 0 0 0 0 0 0 0 0 0 0 0 0 0 0 0 0 0 0 0 0 0 0 0 0 0 0 0 0 0 0 0 0 0 0 0 0 0 0 0 0 0 0 0 0 0 0 0 0 0 0 0 0 0 0 0 0 0 0 0 0 0 0 0 0 0 0 0 0 0 0 0 0 0 0 0 0 0 0 0 0 0 0 0 0 0 0 0 0 0 0 0 0 0 0 0 0 0 0 0 0 0 0 0 0 0 0 0 0 0 0 0 0 0 0 0 0 0 0 0 0 0 0 0 0 0 0 0 0 0 0 0 0 0 0 0 0 0 0 0 0 0 0 0 0 0 0 0 0 0 0 0 0 0 0 0 0 0 0 0 0 0 0 0 0 0 0 0 0 0 0 0 0 0 0 0 0 0 0 0 0 0 0 0 0 0 0 0 0 0 0 0 0 0 0 0 0 0 0 0 0 0 0 0 0 0 0 0 0 0 0 0 0 0 0 0 0 0 0 0 0 0 0 0 0 0 0 0 0 0 0 0 0 0 0 0 0 0 0 0 0 0 0 0 0 0 0 0 0 0 0 0 0 0 0 0 0 0 0 0 0 0 0 0 0 0 0 0 0 0 0 0 0 0 0 0 0 0 0 0 0 0 0 0 0 0 0 0 0 0 0 0 0 0 0 0 0 0 0 0 0 0 0 0 0 0 0 0 0 0 0 0 0 0 0 0 0 0 0 0 0 0 0 0 0 0 0 0 0 0 0 0 0 0 0 0 0 0 0 0 0 0 0 0 0 0 0 0 0 0 0 0 0 0 0 0 0 0 0 0 0 0 0 0 0 0 0 0 0 0 0 0 0 0 0 0 0 0 0 0 0 0 0 0 0 0 0 0 0 0 0 0 0 0 0 0 0 0 0 0 0 0 0 0 0 0 0 0 0 0 0 0 0 0 0 0 0 0 0 0 0 0 0 0 0 0 0 0 0 0 0 0 0 0 0 0 0 0 0 0 0 0 0 0 0 0 0 0 0 0 0 0 0 0 0 0 0 0 0 0 0 0 0 0 0 0 0 0 0 0 0 0 0 0 0 0 0 0 0 0 0 0 0 0 0 0 0 0 0 0 0 0 0 0 0 0 0 0 0 0 0 0 0 0 0 0 0 0 0 0 0 0 0 0 0 0 0 0 0 0 0 0 0 0 0 0 0 0 0 0 0 0 0 0 0 0 0 0 0 0 0 0 0 0 0 0 0 0 0 0 0 0 0 0 0 0 0 0 0 0 0 0 0 0 0 0 0 0 0 0 0 0 0 0 0 0 0 0 0 0 0 0 0 0 0 0 0 0 0 0 0 0 0 0 0 0 0 0 0 0 0 0 0 0 0 0 0 0 0 0 0 0 0 0 0 0 0 0 0 0 0 0 0 0 0 0 0 0 0 0 0 0 0 0 0 0 0 0 0 0 0 0 0 0 0 0 0 0 0 0 0 0 0 0 0 0 0 0 0 0 0 0 0 0 0 0 0 0 0 0 0 0 0 0 0 0 0 0 0 0 0 0 0 0 0 0 0 0 0 0 0 0 0 0 0 0 0 0 0 0 0 0 0 0 0 0 0 0 0 0 0 0 0 0 0 0 0 0 0 0 0 0 0 0 0 0 0 0 0 0 0 0 0 0 0 0 0 0 0 0 0 0 0 0 0 0 0 0 0 0 0 0 0 0 0 0 0 0 0 0 0 0 0 0 0 0 0 0 0 0 0 0 0 0 0 0 0 0 0 0 0 0 0 0 0 0 0 0 0 0 0 0 0 0 0 0 0 0 0 0 0 0 0 0 0 0 0 0 0 0 0 0 0 0 0 0 0 0 0 0 0 0 0 0 0 0 0 0 0 0 0 0 0 0 0 0 0 0 0 0 0 0 0 0 0 0 0 0 0 0 0 0 0 0 0 0 0 0 0 0 0 0 0 0 0 0 0 0 0 0 0 0 0 0 0 0 0 0 0 0 0 0 0 0 0 0 0 0 0 0 0 0 0 0 0 0 0 0 0 0 0 0 0 0 0 0 0 0 0 0 0 0 0 0 0 0 0 0 0 0 0 0 0 0 0 0 0 0 0 0 0 0 0 0 0 0 0 0 0 0 0 0 0 0 0 0 0 0 0 0 0 0 0 0 0 0 0 0 0 0 0 0 0 0 0 0 0 0 0 0 0 0 0 0 0 0 0 0 0 0 0 0 0 0 0 0 0 0 0 0 0 0 0 0 0 0 0 0 0 0 0 0 0 0 0 0 0 0 0 0 0 0 0 0 0 0 0 0 0 0 0 0 0 0 0 0 0 0 0 0 0 0 0 0 0 0 0 0 0 0 0 0 0 0 0 0 0 0 0 0 0 0 0 0 0 0 0 0 0 0 0 0 0 0 0 0 0 0 0 0 0 0 0 0 0 0 0 0 0 0 0 0 0 0 0 0 0 0 0 0 0 0 0 0 0 0 0 0 0 0 0 0 0 0 0 0 0 0 0 0 0 0 0 0 0 0 0 0 0 0 0 0 0 0 0 0 0 0 0 0 0 0 0 0 0 0 0 0 0 0 0 0 0 0 0 0 0 0 0 0 0 0 0 0 0 0 0 0 0 0 0 0 0 0 0 0 0 0 0 0 0 0 0 0 0 0 0 0 0 0 0 0 0 0 0 0 0 0 0 0 0 0 0 0 0 0 0 0 0 0 0 0 0 0 0 0 0 0 0 0 0 0 0 0 0 0 0 0 0 0 0 0 0 0 0 0 0 0 0 0 0 0 0 0 0 0 0 0 0 0 0 0 0 0 0 0 0 0 0 0 0 0 0 0 0 0 0 0 0 0 0 0 0 0 0 0 0 0 0 0 0 0 0 0 0 0 0 0 0 0 0 0 0 0 0 0 0 0 0 0 0 0 0 0 0 0 0 0 0 0 0 0 0 0 0 0 0 0 0 0 0 0 0 0 0 0 0 0 0 0 0 0 0 0 0 0 0 0 0 0 0 0 0 0 0 0 0 0 0 0 0 0 0 0 0 0 0 0 0 0 0 0 0 0 0 0 0 0 0 0 0 0 0 0 0 0 0 0 0 0 0 0 0 0 0 0 0 0 0 0 0 0 0 0 0 0 0 0 0 0 0 0 0 0 0 0 0 0 0 0 0 0 0 0 0 0 0 0 0 0 0 0 0 0 0 0 0 0 0 0 0 0 0 0 0 0 0 0 0 0 0 0 0 0 0 0 0 0 0 0 0 0 0 0 0 0 0 0 0 0 0 0 0 0 0 0 0 0 0 0 0 0 0 0 0 0 0 0 0 0 0 0 0 0 0 0 0 0 0 0 0 0 0 0 0 0 0 0 0 0 0 0 0 0 0 0 0 0 0 0 0 0 0 0 0 0 0 0 0 0 0 0 0 0 0 0 0 0 0 0 0 0 0 0 0 0 0 0 0 0 0 0 0 0 0 0 0 0 0 0 0 0 0 0 0 0 0 0 0 0 0 0 0 0 0 0 0 0 0 0 0 0 0 0 0 0 0 0 0 0 0 0 0 0 0 0 0 0 0 0 0 0 0 0 0 0 0 0 0 0 0 0 0 0 0 0 0 0 0 0 0 0 0 0 0 0 0 0 0 0 0 0 0 0 0 0 0 0 0 0 0 0 0 0 0 0 0 0 0 0 0 0 0 0 0 0 0 0 0 0 0 0 0 0 0 0 0 0 0 0 0 0 0 0 0 0 0 0 0 0 0 0 0 0 0 0 0 0 0 0 0 0 0 0 0 0 0 0 0 0 0 0 0 0 0 0 0 0 0 0 0 0 0 0 0 0 0 0 0 0 0 0 0 0 0 0 0 0 0 0 0 0 0 0 0 0 0 0 0 0 0 0 0 0 0 0 0 0 0 0 0 0 0 0 0 0 0 0 0 0 0 0 0 0 0 0 0 0 0 0 0 0 0 0 0 0 0 0 0 0 0 0 0 0 0 0 0 0 0 0 0 0 0 0 0 0 0 0 0 0 0 0 0 0 0 0 0 0 0 0 0 0 0 0 0 0 0 0 0 0 0 0 0 0 0 0 0 0 0 0 0 0 0 0 0 0 0 0 0 0 0 0 0 0 0 0 0 0 0 0 0 0 0 0 0 0 0 0 0 0 0 0 0 0 0 0 0 0 0 0 0 0 0 0 0 0 0 0 0 0 0 0 0 0 0 0 0 0 0 0 0 0 0 0 0 0 0 0 0 0 0 0 0 0 0 0 0 0 0 0 0 0 0 0 0 0 0 0 0 0 0 0 0 0 0 0 0 0 0 0 0 0 0 0 0 0 0 0 0 0 0 0 0 0 0 0 0 0 0 0 0 0 0 0 0 0 0 0 0 0 0 0 0 0 0 0 0 0 0 0 0 0 0 0 0 0 0 0 0 0 0 0 0 0 0 0 0 0 0 0 0 0 0 0 0 0 0 0 0 0 0 0 0 0 0 0 0 0 0 0 0 0 0 0 0 0 0 0 0 0 0 0 0 0 0 0 0 0 0 0 0 0 0 0 0 0 0 0 0 0 0 0 0 0 0 0 0 0 0 0 0 0 0 0 0 0 0 0 0 0 0 0 0 0 0 0 0 0 0 0 0 0 0 0 0 0 0 0 0 0 0 0 0 0 0 0 0 0 0 0 0 0 0 0 0 0 0 0 0 0 0 0 0 0 0 0 0 0 0 0 0 0 0 0 0 0 0 0 0 0 0 0 0 0 0 0 0 0 0 0 0 0 0 0 0 0 0 0 0 0 0 0 0 0 0 0 0 0 0 0 0 0 0 0 0 0 0 0 0 0 0 0 0 0 0 0 0 0 0 0 0 0 0 0 0 0 0 0 0 0 0 0 0 0 0 0 0 0 0 0 0 0 0 0 0 0 0 0 0 0 0 0 0 0 0 0 0 0 0 0 0 0 0 0 0 0 0 0 0 0 0 0 0 0 0 0 0 0 0 0 0 0 0 0 0 0 0 0 0 0 0 0 0 0 0 0 0 0 0 0 0 0 0 0 0 0 0 0 0 0 0 0 0 0 0 0 0 0 0 0 0 0 0 0 0 0 0 0 0 0 0 0 0 0 0 0 0 0 0 0 0 0 0 0 0 0 0 0 0 0 0 0 0 0 0 0 0 0 0 0 0 0 0 0 0 0 0 0 0 0 0 0 0 0 0 0 0 0 0 0 0 0 0 0 0 0 0 0 0 0 0 0 0 0 0 0 0 0 0 0 0 0 0 0 0 0 0 0 0 0 0 0 0 0 0 0 0 0 0 0 0 0 0 0 0 0 0 0 0 0 0 0 0 0 0 0 0 0 0 0 0 0 0 0 0 0 0 0 0 0 0 0 0 0 0 0 0 0 0 0 0 0 0 0 0 0 0 0 0 0 0 0 0 0 0 0 0 0 0 0 0 0 0 0 0 0 0 0 0 0 0 0 0 0 0 0 0 0 0 0 0 0 0 0 0 0 0 0 0 0 0 0 0 0 0 0 0 0 0 0 0 0 0 0 0 0 0 0 0 0 0 0 0 0 0 0 0 0 0 0 0 0 0 0 0 0 0 0 0 0 0 0 0 0 0 0 0 0 0 0 0 0 0 0 0 0 0 0 0 0 0 0 0 0 0 0 0 0 0 0 0 0 0 0 0 0 0 0 0 0 0 0 0 0 0 0 0 0 0 0 0 0 0 0 0 0 0 0 0 0 0 0 0 0 0 0 0 0 0 0 0 0 0 0 0 0 0 0 0 0 0 0 0 0 0 0 0 0 0 0 0 0 0 0 0 0 0 0 0 0 0 0 0 0 0 0 0 0 0 0 0 0 0 0 0 0 0 0 0 0 0 0 0 0 0 0 0 0 0 0 0 0 0 0 0 0 0 0 0 0 0 0 0 0 0 0 0 0 0 0 0 0 0 0 0 0 0 0 0 0 0 0 0 0 0 0 0 0 0 0 0 0 0 0 0 0 0 0 0 0 0 0 0 0 0 0 0 0 0 0 0 0 0 0 0 0 0 0 0 0 0 0 0 0 0 0 0 0 0 0 0 0 0 0 0 0 0 0 0 0 0 0 0 0 0 0 0 0 0 0 0 0 0 0 0 0 0 0 0 0 0 0 0 0 0 0 0 0 0 0 0 0 0 0 0 0 0 0 0 0 0 0 0 0 0 0 0 0 0 0 0 0 0 0 0 0 0 0 0 0 0 0 0 0 0 0 0 0 0 0 0 0 0 0 0 0 0 0 0 0 0 0 0 0 0 0 0 0 0 0 0 0 0 0 0 0 0 0 0 0 0 0 0 0 0 0 0 0 0 0 0 0 0 0 0 0 0 0 0 0 0 0 0 0 0 0 0 0 0 0 0 0 0 0 0 0 0 0 0 0 0 0 0 0 0 0 0 0 0 0 0 0 0 0 0 0 0 0 0 0 0 0 0 0 0 0 0 0 0 0 0 0 0 0 0 0 0 0 0 0 0 0 0 0 0 0 0 0 0 0 0 0 0 0 0 0 0 0 0 0 0 0 0 0 0 0 0 0 0 0 0 0 0 0 0 0 0 0 0 0 0 0 0 0 0 0 0 0 0 0 0 0 0 0 0 0 0 0 0 0 0 0 0 0 0 0 0 0 0 0 0 0 0 0 0 0 0 0 0 0 0 0 0 0 0 0 0 0 0 0 0 0 0 0 0 0 0 0 0 0 0 0 0 0 0 0 0 0 0 0 0 0 0 0 0 0 0 0 0 0 0 0 0 0 0 0 0 0 0 0 0 0 0 0 0 0 0 0 0 0 0 0 0 0 0 0 0 0 0 0 0 0 0 0 0 0 0 0 0 0 0 0 0 0 0 0 0 0 0 0 0 0 0 0 0 0 0 0 0 0 0 0 0 0 0 0 0 0 0 0 0 0 0 0 0 0 0 0 0 0 0 0 0 0 0 0 0 0 0 0 0 0 0 0 0 0 0 0 0 0 0 0 0 0 0 0 0 0 0 0 0 0 0 0 0 0 0 0 0 0 0 0 0 0 0 0 0 0 0 0 0 0 0 0 0 0 0 0 0 0 0 0 0 0 0 0 0 0 0 0 0 0 0 0 0 0 0 0 0 0 0 0 0 0 0 0 0 0 0 0 0 0 0 0 0 0 0 0 0 0 0 0 0 0 0 0 0 0 0 0 0 0 0 0 0 0 0 0 0 0 0 0 0 0 0 0 0 0 0 0 0 0 0 0 0 0 0 0 0 0 0 0 0 0 0 0 0 0 0 0 0 0 0 0 0 0 0 0 0 0 0 0 0 0 0 0 0 0 0 0 0 0 0 0 0 0 0 0 0 0 0 0 0 0 0 0 0 0 0 0 0 0 0 0 0 0 0 0 0 0 0 0 0 0 0 0 0 0 0 0 0 0 0 0 0 0 0 0 0 0 0 0 0 0 0 0 0 0 0 0 0 0 0 0 0 0 0 0 0 0 0 0 0 0 0 0 0 0 0 0 0 0 0 0 0 0 0 0 0 0 0 0 0 0 0 0 0 0 0 0 0 0 0 0 0 0 0 0 0 0 0 0 0 0 0 0 0 0 0 0 0 0 0 0 0 0 0 0 0 0 0 0 0 0 0 0 0 0 0 0 0 0 0 0 0 0 0 0 0 0 0 0 0 0 0 0 0 0 0 0 0 0 0 0 0 0 0 0 0 0 0 0 0 0 0 0 0 0 0 0 0 0 0 0 0 0 0 0 0 0 0 0 0 0 0 0 0 0 0 0 0 0 0 0 0 0 0 0 0 0 0 0 0 0 0 0 0 0 0 0 0 0 0 0 0 0 0 0 0 0 0 0 0 0 0 0 0 0 0 0 0 0 0 0 0 0 0 0 0 0 0 0 0 0 0 0 0 0 0 0 0 0 0 0 0 0 0 0 0 0 0 0 0 0 0 0 0 0 0 0 0 0 0 0 0 0 0 0 0 0 0 0 0 0 0 0 0 0 0 0 0 0 0 0 0 0 0 0 0 0 0 0 0 0 0 0 0 0 0 0 0 0 0 0 0 0 0 0 0 0 0 0 0 0 0 0 0 0 0 0 0 0 0 0 0 0 0 0 0 0 0 0 0 0 0 0 0 0 0 0 0 0 0 0 0 0 0 0 0 0 0 0 0 0 0 0 0 0 0 0 0 0 0 0 0 0 0 0 0 0 0 0 0 0 0 0 0 0 0 0 0 0 0 0 0 0 0 0 0 0 0 0 0 0 0 0 0 0 0 0 0 0 0 0 0 0 0 0 0 0 0 0 0 0 0 0 0 0 0 0 0 0 0 0 0 0 0 0 0 0 0 0 0 0 0 0 0 0 0 0 0 0 0 0 0 0 0 0 0 0 0 0 0 0 0 0 0 0 0 0 0 0 0 0 0 0 0 0 0 0 0 0 0 0 0 0 0 0 0 0 0 0 0 0 0 0 0 0 0 0 0 0 0 0 0 0 0 0 0 0 0 0 0 0 0 0 0 0 0 0 0 0 0 0 0 0 0 0 0 0 0 0 0 0 0 0 0 0 0 0 0 0 0 0 0 0 0 0 0 0 0 0 0 0 0 0 0 0 0 0 0 0 0 0 0 0 0 0 0 0 0 0 0 0 0 0 0 0 0 0 0 0 0 0 0 0 0 0 0 0 0 0 0 0 0 0 0 0 0 0 0 0 0 0 0 0 0 0 0 0 0 0 0 0 0 0 0 0 0 0 0 0 0 0 0 0 0 0 0 0 0 0 0 0 0 0 0 0 0 0 0 0 0 0 0 0 0 0 0 0 0 0 0 0 0 0 0 0 0 0 0 0 0 0 0 0 0 0 0 0 0 0 0 0 0 0 0 0 0 0 0 0 0 0 0 0 0 0 0 0 0 0 0 0 0 0 0 0 0 0 0 0 0 0 0 0 0 0 0 0 0 0 0 0 0 0 0 0 0 0 0 0 0 0 0 0 0 0 0 0 0 0 0 0 0 0 0 0 0 0 0 0 0 0 0 0 0 0 0 0 0 0 0 0 0 0 0 0 0 0 0 0 0 0 0 0 0 0 0 0 0 0 0 0 0 0 0 0 0 0 0 0 0 0 0 0 0 0 0 0 0 0 0 0 0 0 0 0 0 0 0 0 0 0 0 0 0 0 0 0 0 0 0 0 0 0 0 0 0 0 0 0 0 0 0 0 0 0 0 0 0 0 0 0 0 0 0 0 0 0 0 0 0 0 0 0 0 0 0 0 0 0 0 0 0 0 0 0 0 0 0 0 0 0 0 0 0 0 0 0 0 0 0 0 0 0 0 0 0 0 0 0 0 0 0 0 0 0 0 0 0 0 0 0 0 0 0 0 0 0 0 0 0 0 0 0 0 0 0 0 0 0 0 0 0 0 0 0 0 0 0 0 0 0 0 0 0 0 0 0 0 0 0 0 0 0 0 0 0 0 0 0 0 0 0 0 0 0 0 0 0 0 0 0 0 0 0 0 0 0 0 0 0 0 0 0 0 0 0 0 0 0 0 0 0 0 0 0 0 0 0 0 0 0 0 0 0 0 0 0 0 0 0 0 0 0 0 0 0 0 0 0 0 0 0 0 0 0 0 0 0 0 0 0 0 0 0 0 0 0 0 0 0 0 0 0 0 0 0 0 0 0 0 0 0 0 0 0 0 0 0 0 0 0 0 0 0 0 0 0 0 0 0 0 0 0 0 0 0 0 0 0 0 0 0 0 0 0 0 0 0 0 0 0 0 0 0 0 0 0 0 0 0 0 0 0 0 0 0 0 0 0 0 0 0 0 0 0 0 0 0 0 0 0 0 0 0 0 0 0 0 0 0 0 0 0 0 0 0 0 0 0 0 0 0 0 0 0 0 0 0 0 0 0 0 0 0 0 0 0 0 0 0 0 0 0 0 0 0 0 0 0 0 0 0 0 0 0 0 0 0 0 0 0 0 0 0 0 0 0 0 0 0 0 0 0 0 0 0 0 0 0 0 0 0 0 0 0 0 0 0 0 0 0 0 0 0 0 0 0 0 0 0 0 0 0 0 0 0 0 0 0 0 0 0 0 0 0 0 0 0 0 0 0 0 0 0 0 0 0 0 0 0 0 0 0 0 0 0 0 0 0 0 0 0 0 0 0 0 0 0 0 0 0 0 0 0 0 0 0 0 0 0 0 0 0 0 0 0 0 0 0 0 0 0 0 0 0 0 0 0 0 0 0 0 0 0 0 0 0 0 0 0 0 0 0 0 0 0 0 0 0 0 0 0 

periods
1
2
1
1
1
avail_bop_loss
1
1
1
1
0.5
avail_bop_uncert
1
1
1
1
0.3
avail_grid_loss
1
1
1
1
1.5
avail_grid_uncert
1
1
1
1
0.94
avail_loss_total
1
1
1
1
5.50117
avail_turb_loss
1
1
1
1
3.58
avail_turb_uncert
1
1
1
1
2.3
avail_uncert_total
1
1
1
1
2.50272
c_construction_cost
1
2
1
3
80 10 10 

c_construction_duration
1
1
1
1
0
c_construction_interest
1
1
1
1
8
c_debt_percent
1
1
1
1
60
c_depreciation_schedule
1
2
1
6
20 32 19.2 11.52 11.52 5.76 

c_equity_return
1
1
1
1
13
c_inflation
1
1
1
1
2.5
c_lifetime
1
1
1
1
20
c_nominal_interest_rate
1
1
1
1
8
c_tax_rate
1
1
1
1
40
capital_cost
1
1
1
1
81360000
cols
1
1
1
1
5
correlation_uncert
1
3
39
39
1 0 0 0 0 0 0 0 0 0 0 0 0 0 0 0 0 0 0 0 0 0 0 0 0 0 0 0 0 0 0 0 0 0 0 0 0 0 0 
0 1 0 0 0 0 0 0 0 0 0 0 0 0 0 0 0 0 0 0 0 0 0 0 0 0 0 0 0 0 0 0 0 0 0 0 0 0 0 
0 0 1 0 0 0 0 0 0 0 0 0 0 0 0 0 0 0 0 0 0 0 0 0 0 0 0 0 0 0 0 0 0 0 0 0 0 0 0 
0 0 0 1 0 0 0 0 0 0 0 0 0 0 0 0 0 0 0 0 0 0 0 0 0 0 0 0 0 0 0 0 0 0 0 0 0 0 0 
0 0 0 0 1 0 0 0 0 0 0 0 0 0 0 0 0 0 0 0 0 0 0 0 0 0 0 0 0 0 0 0 0 0 0 0 0 0 0 
0 0 0 0 0 1 0 0 0 0 0 0 0 0 0 0 0 0 0 0 0 0 0 0 0 0 0 0 0 0 0 0 0 0 0 0 0 0 0 
0 0 0 0 0 0 1 0 0 0 0 0 0 0 0 0 0 0 0 0 0 0 0 0 0 0 0 0 0 0 0 0 0 0 0 0 0 0 0 
0 0 0 0 0 0 0 1 0 0 0 0 0 0 0 0 0 0 0 0 0 0 0 0 0 0 0 0 0 0 0 0 0 0 0 0 0 0 0 
0 0 0 0 0 0 0 0 1 0 0 0 0 0 0 0 0 0 0 0 0 0 0 0 0 0 0 0 0 0 0 0 0 0 0 0 0 0 0 
0 0 0 0 0 0 0 0 0 1 0 0 0 0 0 0 0 0 0 0 0 0 0 0 0 0 0 0 0 0 0 0 0 0 0 0 0 0 0 
0 0 0 0 0 0 0 0 0 0 1 0 0 0 0 0 0 0 0 0 0 0 0 0 0 0 0 0 0 0 0 0 0 0 0 0 0 0 0 
0 0 0 0 0 0 0 0 0 0 0 1 0 0 0 0 0 0 0 0 0 0 0 0 0 0 0 0 0 0 0 0 0 0 0 0 0 0 0 
0 0 0 0 0 0 0 0 0 0 0 0 1 0 0 0 0 0 0 0 0 0 0 0 0 0 0 0 0 0 0 0 0 0 0 0 0 0 0 
0 0 0 0 0 0 0 0 0 0 0 0 0 1 0 0 0 0 0 0 0 0 0 0 0 0 0 0 0 0 0 0 0 0 0 0 0 0 0 
0 0 0 0 0 0 0 0 0 0 0 0 0 0 1 0 0 0 0 0 0 0 0 0 0 0 0 0 0 0 0 0 0 0 0 0 0 0 0 
0 0 0 0 0 0 0 0 0 0 0 0 0 0 0 1 0 0 0 0 0 0 0 0 0 0 0 0 0 0 0 0 0 0 0 0 0 0 0 
0 0 0 0 0 0 0 0 0 0 0 0 0 0 0 0 1 0 0 0 0 0 0 0 0 0 0 0 0 0 0 0 0 0 0 0 0 0 0 
0 0 0 0 0 0 0 0 0 0 0 0 0 0 0 0 0 1 0 0 0 0 0 0 0 0 0 0 0 0 0 0 0 0 0 0 0 0 0 
0 0 0 0 0 0 0 0 0 0 0 0 0 0 0 0 0 0 1 0 0 0 0 0 0 0 0 0 0 0 0 0 0 0 0 0 0 0 0 
0 0 0 0 0 0 0 0 0 0 0 0 0 0 0 0 0 0 0 1 0 0 0 0 0 0 0 0 0 0 0 0 0 0 0 0 0 0 0 
0 0 0 0 0 0 0 0 0 0 0 0 0 0 0 0 0 0 0 0 1 0 0 0 0 0 0 0 0 0 0 0 0 0 0 0 0 0 0 
0 0 0 0 0 0 0 0 0 0 0 0 0 0 0 0 0 0 0 0 0 1 0 0 0 0 0 0 0 0 0 0 0 0 0 0 0 0 0 
0 0 0 0 0 0 0 0 0 0 0 0 0 0 0 0 0 0 0 0 0 0 1 0 0 0 0 0 0 0 0 0 0 0 0 0 0 0 0 
0 0 0 0 0 0 0 0 0 0 0 0 0 0 0 0 0 0 0 0 0 0 0 1 0 0 0 0 0 0 0 0 0 0 0 0 0 0 0 
0 0 0 0 0 0 0 0 0 0 0 0 0 0 0 0 0 0 0 0 0 0 0 0 1 0 0 0 0 0 0 0 0 0 0 0 0 0 0 
0 0 0 0 0 0 0 0 0 0 0 0 0 0 0 0 0 0 0 0 0 0 0 0 0 1 0 0 0 0 0 0 0 0 0 0 0 0 0 
0 0 0 0 0 0 0 0 0 0 0 0 0 0 0 0 0 0 0 0 0 0 0 0 0 0 1 0 0 0 0 0 0 0 0 0 0 0 0 
0 0 0 0 0 0 0 0 0 0 0 0 0 0 0 0 0 0 0 0 0 0 0 0 0 0 0 1 0 0 0 0 0 0 0 0 0 0 0 
0 0 0 0 0 0 0 0 0 0 0 0 0 0 0 0 0 0 0 0 0 0 0 0 0 0 0 0 1 0 0 0 0 0 0 0 0 0 0 
0 0 0 0 0 0 0 0 0 0 0 0 0 0 0 0 0 0 0 0 0 0 0 0 0 0 0 0 0 1 0 0 0 0 0 0 0 0 0 
0 0 0 0 0 0 0 0 0 0 0 0 0 0 0 0 0 0 0 0 0 0 0 0 0 0 0 0 0 0 1 0 0 0 0 0 0 0 0 
0 0 0 0 0 0 0 0 0 0 0 0 0 0 0 0 0 0 0 0 0 0 0 0 0 0 0 0 0 0 0 1 0 0 0 0 0 0 0 
0 0 0 0 0 0 0 0 0 0 0 0 0 0 0 0 0 0 0 0 0 0 0 0 0 0 0 0 0 0 0 0 1 0 0 0 0 0 0 
0 0 0 0 0 0 0 0 0 0 0 0 0 0 0 0 0 0 0 0 0 0 0 0 0 0 0 0 0 0 0 0 0 1 0 0 0 0 0 
0 0 0 0 0 0 0 0 0 0 0 0 0 0 0 0 0 0 0 0 0 0 0 0 0 0 0 0 0 0 0 0 0 0 1 0 0 0 0 
0 0 0 0 0 0 0 0 0 0 0 0 0 0 0 0 0 0 0 0 0 0 0 0 0 0 0 0 0 0 0 0 0 0 0 1 0 0 0 
0 0 0 0 0 0 0 0 0 0 0 0 0 0 0 0 0 0 0 0 0 0 0 0 0 0 0 0 0 0 0 0 0 0 0 0 1 0 0 
0 0 0 0 0 0 0 0 0 0 0 0 0 0 0 0 0 0 0 0 0 0 0 0 0 0 0 0 0 0 0 0 0 0 0 0 0 1 0 
0 0 0 0 0 0 0 0 0 0 0 0 0 0 0 0 0 0 0 0 0 0 0 0 0 0 0 0 0 0 0 0 0 0 0 0 0 0 1 

desired_farm_size
1
1
1
1
15000
elec_eff_loss
1
1
1
1
1.91
elec_eff_uncert
1
1
1
1
1
elec_loss_total
1
1
1
1
2.00809
elec_parasitic_loss
1
1
1
1
0.1
elec_parasitic_uncert
1
1
1
1
0.05
elec_uncert_total
1
1
1
1
1.00125
en_wind_uncertainty
1
1
1
1
0
enable_interconnection_limit
1
1
1
1
0
env_degrad_loss
1
1
1
1
1.8
env_degrad_uncert
1
1
1
1
2.2
env_env_loss
1
1
1
1
0.4
env_env_uncert
1
1
1
1
1
env_exp_uncert
1
1
1
1
0
env_exposure_loss
1
1
1
1
0
env_icing_loss
1
1
1
1
0.21
env_icing_uncert
1
1
1
1
3.8
env_loss_total
1
1
1
1
2.3982
env_uncert_total
1
1
1
1
4.50333
eval_climate_10yr_uncert
1
1
1
1
1.3
eval_climate_20yr_uncert
1
1
1
1
1.3
eval_climate_uncert
1
1
1
1
1.3
eval_perf_10yr_uncert
1
1
1
1
1
eval_perf_20yr_uncert
1
1
1
1
1
eval_perf_uncert
1
1
1
1
1
eval_period_10yr_uncert
1
1
1
1
1.5
eval_period_20yr_uncert
1
1
1
1
1.5
eval_period_uncert
1
1
1
1
1.5
eval_uncert_10yr_total
1
1
1
1
2.22261
eval_uncert_20yr_total
1
1
1
1
2.22261
eval_uncert_total
1
1
1
1
2.22261
fixed_charge_rate
1
1
1
1
0.0975058
fixed_operating_cost
1
1
1
1
2448000
grid_curtailment
1
2
1
8760
1e+38 1e+38 1e+38 1e+38 1e+38 1e+38 1e+38 1e+38 1e+38 1e+38 1e+38 1e+38 1e+38 1e+38 1e+38 1e+38 1e+38 1e+38 1e+38 1e+38 1e+38 1e+38 1e+38 1e+38 1e+38 1e+38 1e+38 1e+38 1e+38 1e+38 1e+38 1e+38 1e+38 1e+38 1e+38 1e+38 1e+38 1e+38 1e+38 1e+38 1e+38 1e+38 1e+38 1e+38 1e+38 1e+38 1e+38 1e+38 1e+38 1e+38 1e+38 1e+38 1e+38 1e+38 1e+38 1e+38 1e+38 1e+38 1e+38 1e+38 1e+38 1e+38 1e+38 1e+38 1e+38 1e+38 1e+38 1e+38 1e+38 1e+38 1e+38 1e+38 1e+38 1e+38 1e+38 1e+38 1e+38 1e+38 1e+38 1e+38 1e+38 1e+38 1e+38 1e+38 1e+38 1e+38 1e+38 1e+38 1e+38 1e+38 1e+38 1e+38 1e+38 1e+38 1e+38 1e+38 1e+38 1e+38 1e+38 1e+38 1e+38 1e+38 1e+38 1e+38 1e+38 1e+38 1e+38 1e+38 1e+38 1e+38 1e+38 1e+38 1e+38 1e+38 1e+38 1e+38 1e+38 1e+38 1e+38 1e+38 1e+38 1e+38 1e+38 1e+38 1e+38 1e+38 1e+38 1e+38 1e+38 1e+38 1e+38 1e+38 1e+38 1e+38 1e+38 1e+38 1e+38 1e+38 1e+38 1e+38 1e+38 1e+38 1e+38 1e+38 1e+38 1e+38 1e+38 1e+38 1e+38 1e+38 1e+38 1e+38 1e+38 1e+38 1e+38 1e+38 1e+38 1e+38 1e+38 1e+38 1e+38 1e+38 1e+38 1e+38 1e+38 1e+38 1e+38 1e+38 1e+38 1e+38 1e+38 1e+38 1e+38 1e+38 1e+38 1e+38 1e+38 1e+38 1e+38 1e+38 1e+38 1e+38 1e+38 1e+38 1e+38 1e+38 1e+38 1e+38 1e+38 1e+38 1e+38 1e+38 1e+38 1e+38 1e+38 1e+38 1e+38 1e+38 1e+38 1e+38 1e+38 1e+38 1e+38 1e+38 1e+38 1e+38 1e+38 1e+38 1e+38 1e+38 1e+38 1e+38 1e+38 1e+38 1e+38 1e+38 1e+38 1e+38 1e+38 1e+38 1e+38 1e+38 1e+38 1e+38 1e+38 1e+38 1e+38 1e+38 1e+38 1e+38 1e+38 1e+38 1e+38 1e+38 1e+38 1e+38 1e+38 1e+38 1e+38 1e+38 1e+38 1e+38 1e+38 1e+38 1e+38 1e+38 1e+38 1e+38 1e+38 1e+38 1e+38 1e+38 1e+38 1e+38 1e+38 1e+38 1e+38 1e+38 1e+38 1e+38 1e+38 1e+38 1e+38 1e+38 1e+38 1e+38 1e+38 1e+38 1e+38 1e+38 1e+38 1e+38 1e+38 1e+38 1e+38 1e+38 1e+38 1e+38 1e+38 1e+38 1e+38 1e+38 1e+38 1e+38 1e+38 1e+38 1e+38 1e+38 1e+38 1e+38 1e+38 1e+38 1e+38 1e+38 1e+38 1e+38 1e+38 1e+38 1e+38 1e+38 1e+38 1e+38 1e+38 1e+38 1e+38 1e+38 1e+38 1e+38 1e+38 1e+38 1e+38 1e+38 1e+38 1e+38 1e+38 1e+38 1e+38 1e+38 1e+38 1e+38 1e+38 1e+38 1e+38 1e+38 1e+38 1e+38 1e+38 1e+38 1e+38 1e+38 1e+38 1e+38 1e+38 1e+38 1e+38 1e+38 1e+38 1e+38 1e+38 1e+38 1e+38 1e+38 1e+38 1e+38 1e+38 1e+38 1e+38 1e+38 1e+38 1e+38 1e+38 1e+38 1e+38 1e+38 1e+38 1e+38 1e+38 1e+38 1e+38 1e+38 1e+38 1e+38 1e+38 1e+38 1e+38 1e+38 1e+38 1e+38 1e+38 1e+38 1e+38 1e+38 1e+38 1e+38 1e+38 1e+38 1e+38 1e+38 1e+38 1e+38 1e+38 1e+38 1e+38 1e+38 1e+38 1e+38 1e+38 1e+38 1e+38 1e+38 1e+38 1e+38 1e+38 1e+38 1e+38 1e+38 1e+38 1e+38 1e+38 1e+38 1e+38 1e+38 1e+38 1e+38 1e+38 1e+38 1e+38 1e+38 1e+38 1e+38 1e+38 1e+38 1e+38 1e+38 1e+38 1e+38 1e+38 1e+38 1e+38 1e+38 1e+38 1e+38 1e+38 1e+38 1e+38 1e+38 1e+38 1e+38 1e+38 1e+38 1e+38 1e+38 1e+38 1e+38 1e+38 1e+38 1e+38 1e+38 1e+38 1e+38 1e+38 1e+38 1e+38 1e+38 1e+38 1e+38 1e+38 1e+38 1e+38 1e+38 1e+38 1e+38 1e+38 1e+38 1e+38 1e+38 1e+38 1e+38 1e+38 1e+38 1e+38 1e+38 1e+38 1e+38 1e+38 1e+38 1e+38 1e+38 1e+38 1e+38 1e+38 1e+38 1e+38 1e+38 1e+38 1e+38 1e+38 1e+38 1e+38 1e+38 1e+38 1e+38 1e+38 1e+38 1e+38 1e+38 1e+38 1e+38 1e+38 1e+38 1e+38 1e+38 1e+38 1e+38 1e+38 1e+38 1e+38 1e+38 1e+38 1e+38 1e+38 1e+38 1e+38 1e+38 1e+38 1e+38 1e+38 1e+38 1e+38 1e+38 1e+38 1e+38 1e+38 1e+38 1e+38 1e+38 1e+38 1e+38 1e+38 1e+38 1e+38 1e+38 1e+38 1e+38 1e+38 1e+38 1e+38 1e+38 1e+38 1e+38 1e+38 1e+38 1e+38 1e+38 1e+38 1e+38 1e+38 1e+38 1e+38 1e+38 1e+38 1e+38 1e+38 1e+38 1e+38 1e+38 1e+38 1e+38 1e+38 1e+38 1e+38 1e+38 1e+38 1e+38 1e+38 1e+38 1e+38 1e+38 1e+38 1e+38 1e+38 1e+38 1e+38 1e+38 1e+38 1e+38 1e+38 1e+38 1e+38 1e+38 1e+38 1e+38 1e+38 1e+38 1e+38 1e+38 1e+38 1e+38 1e+38 1e+38 1e+38 1e+38 1e+38 1e+38 1e+38 1e+38 1e+38 1e+38 1e+38 1e+38 1e+38 1e+38 1e+38 1e+38 1e+38 1e+38 1e+38 1e+38 1e+38 1e+38 1e+38 1e+38 1e+38 1e+38 1e+38 1e+38 1e+38 1e+38 1e+38 1e+38 1e+38 1e+38 1e+38 1e+38 1e+38 1e+38 1e+38 1e+38 1e+38 1e+38 1e+38 1e+38 1e+38 1e+38 1e+38 1e+38 1e+38 1e+38 1e+38 1e+38 1e+38 1e+38 1e+38 1e+38 1e+38 1e+38 1e+38 1e+38 1e+38 1e+38 1e+38 1e+38 1e+38 1e+38 1e+38 1e+38 1e+38 1e+38 1e+38 1e+38 1e+38 1e+38 1e+38 1e+38 1e+38 1e+38 1e+38 1e+38 1e+38 1e+38 1e+38 1e+38 1e+38 1e+38 1e+38 1e+38 1e+38 1e+38 1e+38 1e+38 1e+38 1e+38 1e+38 1e+38 1e+38 1e+38 1e+38 1e+38 1e+38 1e+38 1e+38 1e+38 1e+38 1e+38 1e+38 1e+38 1e+38 1e+38 1e+38 1e+38 1e+38 1e+38 1e+38 1e+38 1e+38 1e+38 1e+38 1e+38 1e+38 1e+38 1e+38 1e+38 1e+38 1e+38 1e+38 1e+38 1e+38 1e+38 1e+38 1e+38 1e+38 1e+38 1e+38 1e+38 1e+38 1e+38 1e+38 1e+38 1e+38 1e+38 1e+38 1e+38 1e+38 1e+38 1e+38 1e+38 1e+38 1e+38 1e+38 1e+38 1e+38 1e+38 1e+38 1e+38 1e+38 1e+38 1e+38 1e+38 1e+38 1e+38 1e+38 1e+38 1e+38 1e+38 1e+38 1e+38 1e+38 1e+38 1e+38 1e+38 1e+38 1e+38 1e+38 1e+38 1e+38 1e+38 1e+38 1e+38 1e+38 1e+38 1e+38 1e+38 1e+38 1e+38 1e+38 1e+38 1e+38 1e+38 1e+38 1e+38 1e+38 1e+38 1e+38 1e+38 1e+38 1e+38 1e+38 1e+38 1e+38 1e+38 1e+38 1e+38 1e+38 1e+38 1e+38 1e+38 1e+38 1e+38 1e+38 1e+38 1e+38 1e+38 1e+38 1e+38 1e+38 1e+38 1e+38 1e+38 1e+38 1e+38 1e+38 1e+38 1e+38 1e+38 1e+38 1e+38 1e+38 1e+38 1e+38 1e+38 1e+38 1e+38 1e+38 1e+38 1e+38 1e+38 1e+38 1e+38 1e+38 1e+38 1e+38 1e+38 1e+38 1e+38 1e+38 1e+38 1e+38 1e+38 1e+38 1e+38 1e+38 1e+38 1e+38 1e+38 1e+38 1e+38 1e+38 1e+38 1e+38 1e+38 1e+38 1e+38 1e+38 1e+38 1e+38 1e+38 1e+38 1e+38 1e+38 1e+38 1e+38 1e+38 1e+38 1e+38 1e+38 1e+38 1e+38 1e+38 1e+38 1e+38 1e+38 1e+38 1e+38 1e+38 1e+38 1e+38 1e+38 1e+38 1e+38 1e+38 1e+38 1e+38 1e+38 1e+38 1e+38 1e+38 1e+38 1e+38 1e+38 1e+38 1e+38 1e+38 1e+38 1e+38 1e+38 1e+38 1e+38 1e+38 1e+38 1e+38 1e+38 1e+38 1e+38 1e+38 1e+38 1e+38 1e+38 1e+38 1e+38 1e+38 1e+38 1e+38 1e+38 1e+38 1e+38 1e+38 1e+38 1e+38 1e+38 1e+38 1e+38 1e+38 1e+38 1e+38 1e+38 1e+38 1e+38 1e+38 1e+38 1e+38 1e+38 1e+38 1e+38 1e+38 1e+38 1e+38 1e+38 1e+38 1e+38 1e+38 1e+38 1e+38 1e+38 1e+38 1e+38 1e+38 1e+38 1e+38 1e+38 1e+38 1e+38 1e+38 1e+38 1e+38 1e+38 1e+38 1e+38 1e+38 1e+38 1e+38 1e+38 1e+38 1e+38 1e+38 1e+38 1e+38 1e+38 1e+38 1e+38 1e+38 1e+38 1e+38 1e+38 1e+38 1e+38 1e+38 1e+38 1e+38 1e+38 1e+38 1e+38 1e+38 1e+38 1e+38 1e+38 1e+38 1e+38 1e+38 1e+38 1e+38 1e+38 1e+38 1e+38 1e+38 1e+38 1e+38 1e+38 1e+38 1e+38 1e+38 1e+38 1e+38 1e+38 1e+38 1e+38 1e+38 1e+38 1e+38 1e+38 1e+38 1e+38 1e+38 1e+38 1e+38 1e+38 1e+38 1e+38 1e+38 1e+38 1e+38 1e+38 1e+38 1e+38 1e+38 1e+38 1e+38 1e+38 1e+38 1e+38 1e+38 1e+38 1e+38 1e+38 1e+38 1e+38 1e+38 1e+38 1e+38 1e+38 1e+38 1e+38 1e+38 1e+38 1e+38 1e+38 1e+38 1e+38 1e+38 1e+38 1e+38 1e+38 1e+38 1e+38 1e+38 1e+38 1e+38 1e+38 1e+38 1e+38 1e+38 1e+38 1e+38 1e+38 1e+38 1e+38 1e+38 1e+38 1e+38 1e+38 1e+38 1e+38 1e+38 1e+38 1e+38 1e+38 1e+38 1e+38 1e+38 1e+38 1e+38 1e+38 1e+38 1e+38 1e+38 1e+38 1e+38 1e+38 1e+38 1e+38 1e+38 1e+38 1e+38 1e+38 1e+38 1e+38 1e+38 1e+38 1e+38 1e+38 1e+38 1e+38 1e+38 1e+38 1e+38 1e+38 1e+38 1e+38 1e+38 1e+38 1e+38 1e+38 1e+38 1e+38 1e+38 1e+38 1e+38 1e+38 1e+38 1e+38 1e+38 1e+38 1e+38 1e+38 1e+38 1e+38 1e+38 1e+38 1e+38 1e+38 1e+38 1e+38 1e+38 1e+38 1e+38 1e+38 1e+38 1e+38 1e+38 1e+38 1e+38 1e+38 1e+38 1e+38 1e+38 1e+38 1e+38 1e+38 1e+38 1e+38 1e+38 1e+38 1e+38 1e+38 1e+38 1e+38 1e+38 1e+38 1e+38 1e+38 1e+38 1e+38 1e+38 1e+38 1e+38 1e+38 1e+38 1e+38 1e+38 1e+38 1e+38 1e+38 1e+38 1e+38 1e+38 1e+38 1e+38 1e+38 1e+38 1e+38 1e+38 1e+38 1e+38 1e+38 1e+38 1e+38 1e+38 1e+38 1e+38 1e+38 1e+38 1e+38 1e+38 1e+38 1e+38 1e+38 1e+38 1e+38 1e+38 1e+38 1e+38 1e+38 1e+38 1e+38 1e+38 1e+38 1e+38 1e+38 1e+38 1e+38 1e+38 1e+38 1e+38 1e+38 1e+38 1e+38 1e+38 1e+38 1e+38 1e+38 1e+38 1e+38 1e+38 1e+38 1e+38 1e+38 1e+38 1e+38 1e+38 1e+38 1e+38 1e+38 1e+38 1e+38 1e+38 1e+38 1e+38 1e+38 1e+38 1e+38 1e+38 1e+38 1e+38 1e+38 1e+38 1e+38 1e+38 1e+38 1e+38 1e+38 1e+38 1e+38 1e+38 1e+38 1e+38 1e+38 1e+38 1e+38 1e+38 1e+38 1e+38 1e+38 1e+38 1e+38 1e+38 1e+38 1e+38 1e+38 1e+38 1e+38 1e+38 1e+38 1e+38 1e+38 1e+38 1e+38 1e+38 1e+38 1e+38 1e+38 1e+38 1e+38 1e+38 1e+38 1e+38 1e+38 1e+38 1e+38 1e+38 1e+38 1e+38 1e+38 1e+38 1e+38 1e+38 1e+38 1e+38 1e+38 1e+38 1e+38 1e+38 1e+38 1e+38 1e+38 1e+38 1e+38 1e+38 1e+38 1e+38 1e+38 1e+38 1e+38 1e+38 1e+38 1e+38 1e+38 1e+38 1e+38 1e+38 1e+38 1e+38 1e+38 1e+38 1e+38 1e+38 1e+38 1e+38 1e+38 1e+38 1e+38 1e+38 1e+38 1e+38 1e+38 1e+38 1e+38 1e+38 1e+38 1e+38 1e+38 1e+38 1e+38 1e+38 1e+38 1e+38 1e+38 1e+38 1e+38 1e+38 1e+38 1e+38 1e+38 1e+38 1e+38 1e+38 1e+38 1e+38 1e+38 1e+38 1e+38 1e+38 1e+38 1e+38 1e+38 1e+38 1e+38 1e+38 1e+38 1e+38 1e+38 1e+38 1e+38 1e+38 1e+38 1e+38 1e+38 1e+38 1e+38 1e+38 1e+38 1e+38 1e+38 1e+38 1e+38 1e+38 1e+38 1e+38 1e+38 1e+38 1e+38 1e+38 1e+38 1e+38 1e+38 1e+38 1e+38 1e+38 1e+38 1e+38 1e+38 1e+38 1e+38 1e+38 1e+38 1e+38 1e+38 1e+38 1e+38 1e+38 1e+38 1e+38 1e+38 1e+38 1e+38 1e+38 1e+38 1e+38 1e+38 1e+38 1e+38 1e+38 1e+38 1e+38 1e+38 1e+38 1e+38 1e+38 1e+38 1e+38 1e+38 1e+38 1e+38 1e+38 1e+38 1e+38 1e+38 1e+38 1e+38 1e+38 1e+38 1e+38 1e+38 1e+38 1e+38 1e+38 1e+38 1e+38 1e+38 1e+38 1e+38 1e+38 1e+38 1e+38 1e+38 1e+38 1e+38 1e+38 1e+38 1e+38 1e+38 1e+38 1e+38 1e+38 1e+38 1e+38 1e+38 1e+38 1e+38 1e+38 1e+38 1e+38 1e+38 1e+38 1e+38 1e+38 1e+38 1e+38 1e+38 1e+38 1e+38 1e+38 1e+38 1e+38 1e+38 1e+38 1e+38 1e+38 1e+38 1e+38 1e+38 1e+38 1e+38 1e+38 1e+38 1e+38 1e+38 1e+38 1e+38 1e+38 1e+38 1e+38 1e+38 1e+38 1e+38 1e+38 1e+38 1e+38 1e+38 1e+38 1e+38 1e+38 1e+38 1e+38 1e+38 1e+38 1e+38 1e+38 1e+38 1e+38 1e+38 1e+38 1e+38 1e+38 1e+38 1e+38 1e+38 1e+38 1e+38 1e+38 1e+38 1e+38 1e+38 1e+38 1e+38 1e+38 1e+38 1e+38 1e+38 1e+38 1e+38 1e+38 1e+38 1e+38 1e+38 1e+38 1e+38 1e+38 1e+38 1e+38 1e+38 1e+38 1e+38 1e+38 1e+38 1e+38 1e+38 1e+38 1e+38 1e+38 1e+38 1e+38 1e+38 1e+38 1e+38 1e+38 1e+38 1e+38 1e+38 1e+38 1e+38 1e+38 1e+38 1e+38 1e+38 1e+38 1e+38 1e+38 1e+38 1e+38 1e+38 1e+38 1e+38 1e+38 1e+38 1e+38 1e+38 1e+38 1e+38 1e+38 1e+38 1e+38 1e+38 1e+38 1e+38 1e+38 1e+38 1e+38 1e+38 1e+38 1e+38 1e+38 1e+38 1e+38 1e+38 1e+38 1e+38 1e+38 1e+38 1e+38 1e+38 1e+38 1e+38 1e+38 1e+38 1e+38 1e+38 1e+38 1e+38 1e+38 1e+38 1e+38 1e+38 1e+38 1e+38 1e+38 1e+38 1e+38 1e+38 1e+38 1e+38 1e+38 1e+38 1e+38 1e+38 1e+38 1e+38 1e+38 1e+38 1e+38 1e+38 1e+38 1e+38 1e+38 1e+38 1e+38 1e+38 1e+38 1e+38 1e+38 1e+38 1e+38 1e+38 1e+38 1e+38 1e+38 1e+38 1e+38 1e+38 1e+38 1e+38 1e+38 1e+38 1e+38 1e+38 1e+38 1e+38 1e+38 1e+38 1e+38 1e+38 1e+38 1e+38 1e+38 1e+38 1e+38 1e+38 1e+38 1e+38 1e+38 1e+38 1e+38 1e+38 1e+38 1e+38 1e+38 1e+38 1e+38 1e+38 1e+38 1e+38 1e+38 1e+38 1e+38 1e+38 1e+38 1e+38 1e+38 1e+38 1e+38 1e+38 1e+38 1e+38 1e+38 1e+38 1e+38 1e+38 1e+38 1e+38 1e+38 1e+38 1e+38 1e+38 1e+38 1e+38 1e+38 1e+38 1e+38 1e+38 1e+38 1e+38 1e+38 1e+38 1e+38 1e+38 1e+38 1e+38 1e+38 1e+38 1e+38 1e+38 1e+38 1e+38 1e+38 1e+38 1e+38 1e+38 1e+38 1e+38 1e+38 1e+38 1e+38 1e+38 1e+38 1e+38 1e+38 1e+38 1e+38 1e+38 1e+38 1e+38 1e+38 1e+38 1e+38 1e+38 1e+38 1e+38 1e+38 1e+38 1e+38 1e+38 1e+38 1e+38 1e+38 1e+38 1e+38 1e+38 1e+38 1e+38 1e+38 1e+38 1e+38 1e+38 1e+38 1e+38 1e+38 1e+38 1e+38 1e+38 1e+38 1e+38 1e+38 1e+38 1e+38 1e+38 1e+38 1e+38 1e+38 1e+38 1e+38 1e+38 1e+38 1e+38 1e+38 1e+38 1e+38 1e+38 1e+38 1e+38 1e+38 1e+38 1e+38 1e+38 1e+38 1e+38 1e+38 1e+38 1e+38 1e+38 1e+38 1e+38 1e+38 1e+38 1e+38 1e+38 1e+38 1e+38 1e+38 1e+38 1e+38 1e+38 1e+38 1e+38 1e+38 1e+38 1e+38 1e+38 1e+38 1e+38 1e+38 1e+38 1e+38 1e+38 1e+38 1e+38 1e+38 1e+38 1e+38 1e+38 1e+38 1e+38 1e+38 1e+38 1e+38 1e+38 1e+38 1e+38 1e+38 1e+38 1e+38 1e+38 1e+38 1e+38 1e+38 1e+38 1e+38 1e+38 1e+38 1e+38 1e+38 1e+38 1e+38 1e+38 1e+38 1e+38 1e+38 1e+38 1e+38 1e+38 1e+38 1e+38 1e+38 1e+38 1e+38 1e+38 1e+38 1e+38 1e+38 1e+38 1e+38 1e+38 1e+38 1e+38 1e+38 1e+38 1e+38 1e+38 1e+38 1e+38 1e+38 1e+38 1e+38 1e+38 1e+38 1e+38 1e+38 1e+38 1e+38 1e+38 1e+38 1e+38 1e+38 1e+38 1e+38 1e+38 1e+38 1e+38 1e+38 1e+38 1e+38 1e+38 1e+38 1e+38 1e+38 1e+38 1e+38 1e+38 1e+38 1e+38 1e+38 1e+38 1e+38 1e+38 1e+38 1e+38 1e+38 1e+38 1e+38 1e+38 1e+38 1e+38 1e+38 1e+38 1e+38 1e+38 1e+38 1e+38 1e+38 1e+38 1e+38 1e+38 1e+38 1e+38 1e+38 1e+38 1e+38 1e+38 1e+38 1e+38 1e+38 1e+38 1e+38 1e+38 1e+38 1e+38 1e+38 1e+38 1e+38 1e+38 1e+38 1e+38 1e+38 1e+38 1e+38 1e+38 1e+38 1e+38 1e+38 1e+38 1e+38 1e+38 1e+38 1e+38 1e+38 1e+38 1e+38 1e+38 1e+38 1e+38 1e+38 1e+38 1e+38 1e+38 1e+38 1e+38 1e+38 1e+38 1e+38 1e+38 1e+38 1e+38 1e+38 1e+38 1e+38 1e+38 1e+38 1e+38 1e+38 1e+38 1e+38 1e+38 1e+38 1e+38 1e+38 1e+38 1e+38 1e+38 1e+38 1e+38 1e+38 1e+38 1e+38 1e+38 1e+38 1e+38 1e+38 1e+38 1e+38 1e+38 1e+38 1e+38 1e+38 1e+38 1e+38 1e+38 1e+38 1e+38 1e+38 1e+38 1e+38 1e+38 1e+38 1e+38 1e+38 1e+38 1e+38 1e+38 1e+38 1e+38 1e+38 1e+38 1e+38 1e+38 1e+38 1e+38 1e+38 1e+38 1e+38 1e+38 1e+38 1e+38 1e+38 1e+38 1e+38 1e+38 1e+38 1e+38 1e+38 1e+38 1e+38 1e+38 1e+38 1e+38 1e+38 1e+38 1e+38 1e+38 1e+38 1e+38 1e+38 1e+38 1e+38 1e+38 1e+38 1e+38 1e+38 1e+38 1e+38 1e+38 1e+38 1e+38 1e+38 1e+38 1e+38 1e+38 1e+38 1e+38 1e+38 1e+38 1e+38 1e+38 1e+38 1e+38 1e+38 1e+38 1e+38 1e+38 1e+38 1e+38 1e+38 1e+38 1e+38 1e+38 1e+38 1e+38 1e+38 1e+38 1e+38 1e+38 1e+38 1e+38 1e+38 1e+38 1e+38 1e+38 1e+38 1e+38 1e+38 1e+38 1e+38 1e+38 1e+38 1e+38 1e+38 1e+38 1e+38 1e+38 1e+38 1e+38 1e+38 1e+38 1e+38 1e+38 1e+38 1e+38 1e+38 1e+38 1e+38 1e+38 1e+38 1e+38 1e+38 1e+38 1e+38 1e+38 1e+38 1e+38 1e+38 1e+38 1e+38 1e+38 1e+38 1e+38 1e+38 1e+38 1e+38 1e+38 1e+38 1e+38 1e+38 1e+38 1e+38 1e+38 1e+38 1e+38 1e+38 1e+38 1e+38 1e+38 1e+38 1e+38 1e+38 1e+38 1e+38 1e+38 1e+38 1e+38 1e+38 1e+38 1e+38 1e+38 1e+38 1e+38 1e+38 1e+38 1e+38 1e+38 1e+38 1e+38 1e+38 1e+38 1e+38 1e+38 1e+38 1e+38 1e+38 1e+38 1e+38 1e+38 1e+38 1e+38 1e+38 1e+38 1e+38 1e+38 1e+38 1e+38 1e+38 1e+38 1e+38 1e+38 1e+38 1e+38 1e+38 1e+38 1e+38 1e+38 1e+38 1e+38 1e+38 1e+38 1e+38 1e+38 1e+38 1e+38 1e+38 1e+38 1e+38 1e+38 1e+38 1e+38 1e+38 1e+38 1e+38 1e+38 1e+38 1e+38 1e+38 1e+38 1e+38 1e+38 1e+38 1e+38 1e+38 1e+38 1e+38 1e+38 1e+38 1e+38 1e+38 1e+38 1e+38 1e+38 1e+38 1e+38 1e+38 1e+38 1e+38 1e+38 1e+38 1e+38 1e+38 1e+38 1e+38 1e+38 1e+38 1e+38 1e+38 1e+38 1e+38 1e+38 1e+38 1e+38 1e+38 1e+38 1e+38 1e+38 1e+38 1e+38 1e+38 1e+38 1e+38 1e+38 1e+38 1e+38 1e+38 1e+38 1e+38 1e+38 1e+38 1e+38 1e+38 1e+38 1e+38 1e+38 1e+38 1e+38 1e+38 1e+38 1e+38 1e+38 1e+38 1e+38 1e+38 1e+38 1e+38 1e+38 1e+38 1e+38 1e+38 1e+38 1e+38 1e+38 1e+38 1e+38 1e+38 1e+38 1e+38 1e+38 1e+38 1e+38 1e+38 1e+38 1e+38 1e+38 1e+38 1e+38 1e+38 1e+38 1e+38 1e+38 1e+38 1e+38 1e+38 1e+38 1e+38 1e+38 1e+38 1e+38 1e+38 1e+38 1e+38 1e+38 1e+38 1e+38 1e+38 1e+38 1e+38 1e+38 1e+38 1e+38 1e+38 1e+38 1e+38 1e+38 1e+38 1e+38 1e+38 1e+38 1e+38 1e+38 1e+38 1e+38 1e+38 1e+38 1e+38 1e+38 1e+38 1e+38 1e+38 1e+38 1e+38 1e+38 1e+38 1e+38 1e+38 1e+38 1e+38 1e+38 1e+38 1e+38 1e+38 1e+38 1e+38 1e+38 1e+38 1e+38 1e+38 1e+38 1e+38 1e+38 1e+38 1e+38 1e+38 1e+38 1e+38 1e+38 1e+38 1e+38 1e+38 1e+38 1e+38 1e+38 1e+38 1e+38 1e+38 1e+38 1e+38 1e+38 1e+38 1e+38 1e+38 1e+38 1e+38 1e+38 1e+38 1e+38 1e+38 1e+38 1e+38 1e+38 1e+38 1e+38 1e+38 1e+38 1e+38 1e+38 1e+38 1e+38 1e+38 1e+38 1e+38 1e+38 1e+38 1e+38 1e+38 1e+38 1e+38 1e+38 1e+38 1e+38 1e+38 1e+38 1e+38 1e+38 1e+38 1e+38 1e+38 1e+38 1e+38 1e+38 1e+38 1e+38 1e+38 1e+38 1e+38 1e+38 1e+38 1e+38 1e+38 1e+38 1e+38 1e+38 1e+38 1e+38 1e+38 1e+38 1e+38 1e+38 1e+38 1e+38 1e+38 1e+38 1e+38 1e+38 1e+38 1e+38 1e+38 1e+38 1e+38 1e+38 1e+38 1e+38 1e+38 1e+38 1e+38 1e+38 1e+38 1e+38 1e+38 1e+38 1e+38 1e+38 1e+38 1e+38 1e+38 1e+38 1e+38 1e+38 1e+38 1e+38 1e+38 1e+38 1e+38 1e+38 1e+38 1e+38 1e+38 1e+38 1e+38 1e+38 1e+38 1e+38 1e+38 1e+38 1e+38 1e+38 1e+38 1e+38 1e+38 1e+38 1e+38 1e+38 1e+38 1e+38 1e+38 1e+38 1e+38 1e+38 1e+38 1e+38 1e+38 1e+38 1e+38 1e+38 1e+38 1e+38 1e+38 1e+38 1e+38 1e+38 1e+38 1e+38 1e+38 1e+38 1e+38 1e+38 1e+38 1e+38 1e+38 1e+38 1e+38 1e+38 1e+38 1e+38 1e+38 1e+38 1e+38 1e+38 1e+38 1e+38 1e+38 1e+38 1e+38 1e+38 1e+38 1e+38 1e+38 1e+38 1e+38 1e+38 1e+38 1e+38 1e+38 1e+38 1e+38 1e+38 1e+38 1e+38 1e+38 1e+38 1e+38 1e+38 1e+38 1e+38 1e+38 1e+38 1e+38 1e+38 1e+38 1e+38 1e+38 1e+38 1e+38 1e+38 1e+38 1e+38 1e+38 1e+38 1e+38 1e+38 1e+38 1e+38 1e+38 1e+38 1e+38 1e+38 1e+38 1e+38 1e+38 1e+38 1e+38 1e+38 1e+38 1e+38 1e+38 1e+38 1e+38 1e+38 1e+38 1e+38 1e+38 1e+38 1e+38 1e+38 1e+38 1e+38 1e+38 1e+38 1e+38 1e+38 1e+38 1e+38 1e+38 1e+38 1e+38 1e+38 1e+38 1e+38 1e+38 1e+38 1e+38 1e+38 1e+38 1e+38 1e+38 1e+38 1e+38 1e+38 1e+38 1e+38 1e+38 1e+38 1e+38 1e+38 1e+38 1e+38 1e+38 1e+38 1e+38 1e+38 1e+38 1e+38 1e+38 1e+38 1e+38 1e+38 1e+38 1e+38 1e+38 1e+38 1e+38 1e+38 1e+38 1e+38 1e+38 1e+38 1e+38 1e+38 1e+38 1e+38 1e+38 1e+38 1e+38 1e+38 1e+38 1e+38 1e+38 1e+38 1e+38 1e+38 1e+38 1e+38 1e+38 1e+38 1e+38 1e+38 1e+38 1e+38 1e+38 1e+38 1e+38 1e+38 1e+38 1e+38 1e+38 1e+38 1e+38 1e+38 1e+38 1e+38 1e+38 1e+38 1e+38 1e+38 1e+38 1e+38 1e+38 1e+38 1e+38 1e+38 1e+38 1e+38 1e+38 1e+38 1e+38 1e+38 1e+38 1e+38 1e+38 1e+38 1e+38 1e+38 1e+38 1e+38 1e+38 1e+38 1e+38 1e+38 1e+38 1e+38 1e+38 1e+38 1e+38 1e+38 1e+38 1e+38 1e+38 1e+38 1e+38 1e+38 1e+38 1e+38 1e+38 1e+38 1e+38 1e+38 1e+38 1e+38 1e+38 1e+38 1e+38 1e+38 1e+38 1e+38 1e+38 1e+38 1e+38 1e+38 1e+38 1e+38 1e+38 1e+38 1e+38 1e+38 1e+38 1e+38 1e+38 1e+38 1e+38 1e+38 1e+38 1e+38 1e+38 1e+38 1e+38 1e+38 1e+38 1e+38 1e+38 1e+38 1e+38 1e+38 1e+38 1e+38 1e+38 1e+38 1e+38 1e+38 1e+38 1e+38 1e+38 1e+38 1e+38 1e+38 1e+38 1e+38 1e+38 1e+38 1e+38 1e+38 1e+38 1e+38 1e+38 1e+38 1e+38 1e+38 1e+38 1e+38 1e+38 1e+38 1e+38 1e+38 1e+38 1e+38 1e+38 1e+38 1e+38 1e+38 1e+38 1e+38 1e+38 1e+38 1e+38 1e+38 1e+38 1e+38 1e+38 1e+38 1e+38 1e+38 1e+38 1e+38 1e+38 1e+38 1e+38 1e+38 1e+38 1e+38 1e+38 1e+38 1e+38 1e+38 1e+38 1e+38 1e+38 1e+38 1e+38 1e+38 1e+38 1e+38 1e+38 1e+38 1e+38 1e+38 1e+38 1e+38 1e+38 1e+38 1e+38 1e+38 1e+38 1e+38 1e+38 1e+38 1e+38 1e+38 1e+38 1e+38 1e+38 1e+38 1e+38 1e+38 1e+38 1e+38 1e+38 1e+38 1e+38 1e+38 1e+38 1e+38 1e+38 1e+38 1e+38 1e+38 1e+38 1e+38 1e+38 1e+38 1e+38 1e+38 1e+38 1e+38 1e+38 1e+38 1e+38 1e+38 1e+38 1e+38 1e+38 1e+38 1e+38 1e+38 1e+38 1e+38 1e+38 1e+38 1e+38 1e+38 1e+38 1e+38 1e+38 1e+38 1e+38 1e+38 1e+38 1e+38 1e+38 1e+38 1e+38 1e+38 1e+38 1e+38 1e+38 1e+38 1e+38 1e+38 1e+38 1e+38 1e+38 1e+38 1e+38 1e+38 1e+38 1e+38 1e+38 1e+38 1e+38 1e+38 1e+38 1e+38 1e+38 1e+38 1e+38 1e+38 1e+38 1e+38 1e+38 1e+38 1e+38 1e+38 1e+38 1e+38 1e+38 1e+38 1e+38 1e+38 1e+38 1e+38 1e+38 1e+38 1e+38 1e+38 1e+38 1e+38 1e+38 1e+38 1e+38 1e+38 1e+38 1e+38 1e+38 1e+38 1e+38 1e+38 1e+38 1e+38 1e+38 1e+38 1e+38 1e+38 1e+38 1e+38 1e+38 1e+38 1e+38 1e+38 1e+38 1e+38 1e+38 1e+38 1e+38 1e+38 1e+38 1e+38 1e+38 1e+38 1e+38 1e+38 1e+38 1e+38 1e+38 1e+38 1e+38 1e+38 1e+38 1e+38 1e+38 1e+38 1e+38 1e+38 1e+38 1e+38 1e+38 1e+38 1e+38 1e+38 1e+38 1e+38 1e+38 1e+38 1e+38 1e+38 1e+38 1e+38 1e+38 1e+38 1e+38 1e+38 1e+38 1e+38 1e+38 1e+38 1e+38 1e+38 1e+38 1e+38 1e+38 1e+38 1e+38 1e+38 1e+38 1e+38 1e+38 1e+38 1e+38 1e+38 1e+38 1e+38 1e+38 1e+38 1e+38 1e+38 1e+38 1e+38 1e+38 1e+38 1e+38 1e+38 1e+38 1e+38 1e+38 1e+38 1e+38 1e+38 1e+38 1e+38 1e+38 1e+38 1e+38 1e+38 1e+38 1e+38 1e+38 1e+38 1e+38 1e+38 1e+38 1e+38 1e+38 1e+38 1e+38 1e+38 1e+38 1e+38 1e+38 1e+38 1e+38 1e+38 1e+38 1e+38 1e+38 1e+38 1e+38 1e+38 1e+38 1e+38 1e+38 1e+38 1e+38 1e+38 1e+38 1e+38 1e+38 1e+38 1e+38 1e+38 1e+38 1e+38 1e+38 1e+38 1e+38 1e+38 1e+38 1e+38 1e+38 1e+38 1e+38 1e+38 1e+38 1e+38 1e+38 1e+38 1e+38 1e+38 1e+38 1e+38 1e+38 1e+38 1e+38 1e+38 1e+38 1e+38 1e+38 1e+38 1e+38 1e+38 1e+38 1e+38 1e+38 1e+38 1e+38 1e+38 1e+38 1e+38 1e+38 1e+38 1e+38 1e+38 1e+38 1e+38 1e+38 1e+38 1e+38 1e+38 1e+38 1e+38 1e+38 1e+38 1e+38 1e+38 1e+38 1e+38 1e+38 1e+38 1e+38 1e+38 1e+38 1e+38 1e+38 1e+38 1e+38 1e+38 1e+38 1e+38 1e+38 1e+38 1e+38 1e+38 1e+38 1e+38 1e+38 1e+38 1e+38 1e+38 1e+38 1e+38 1e+38 1e+38 1e+38 1e+38 1e+38 1e+38 1e+38 1e+38 1e+38 1e+38 1e+38 1e+38 1e+38 1e+38 1e+38 1e+38 1e+38 1e+38 1e+38 1e+38 1e+38 1e+38 1e+38 1e+38 1e+38 1e+38 1e+38 1e+38 1e+38 1e+38 1e+38 1e+38 1e+38 1e+38 1e+38 1e+38 1e+38 1e+38 1e+38 1e+38 1e+38 1e+38 1e+38 1e+38 1e+38 1e+38 1e+38 1e+38 1e+38 1e+38 1e+38 1e+38 1e+38 1e+38 1e+38 1e+38 1e+38 1e+38 1e+38 1e+38 1e+38 1e+38 1e+38 1e+38 1e+38 1e+38 1e+38 1e+38 1e+38 1e+38 1e+38 1e+38 1e+38 1e+38 1e+38 1e+38 1e+38 1e+38 1e+38 1e+38 1e+38 1e+38 1e+38 1e+38 1e+38 1e+38 1e+38 1e+38 1e+38 1e+38 1e+38 1e+38 1e+38 1e+38 1e+38 1e+38 1e+38 1e+38 1e+38 1e+38 1e+38 1e+38 1e+38 1e+38 1e+38 1e+38 1e+38 1e+38 1e+38 1e+38 1e+38 1e+38 1e+38 1e+38 1e+38 1e+38 1e+38 1e+38 1e+38 1e+38 1e+38 1e+38 1e+38 1e+38 1e+38 1e+38 1e+38 1e+38 1e+38 1e+38 1e+38 1e+38 1e+38 1e+38 1e+38 1e+38 1e+38 1e+38 1e+38 1e+38 1e+38 1e+38 1e+38 1e+38 1e+38 1e+38 1e+38 1e+38 1e+38 1e+38 1e+38 1e+38 1e+38 1e+38 1e+38 1e+38 1e+38 1e+38 1e+38 1e+38 1e+38 1e+38 1e+38 1e+38 1e+38 1e+38 1e+38 1e+38 1e+38 1e+38 1e+38 1e+38 1e+38 1e+38 1e+38 1e+38 1e+38 1e+38 1e+38 1e+38 1e+38 1e+38 1e+38 1e+38 1e+38 1e+38 1e+38 1e+38 1e+38 1e+38 1e+38 1e+38 1e+38 1e+38 1e+38 1e+38 1e+38 1e+38 1e+38 1e+38 1e+38 1e+38 1e+38 1e+38 1e+38 1e+38 1e+38 1e+38 1e+38 1e+38 1e+38 1e+38 1e+38 1e+38 1e+38 1e+38 1e+38 1e+38 1e+38 1e+38 1e+38 1e+38 1e+38 1e+38 1e+38 1e+38 1e+38 1e+38 1e+38 1e+38 1e+38 1e+38 1e+38 1e+38 1e+38 1e+38 1e+38 1e+38 1e+38 1e+38 1e+38 1e+38 1e+38 1e+38 1e+38 1e+38 1e+38 1e+38 1e+38 1e+38 1e+38 1e+38 1e+38 1e+38 1e+38 1e+38 1e+38 1e+38 1e+38 1e+38 1e+38 1e+38 1e+38 1e+38 1e+38 1e+38 1e+38 1e+38 1e+38 1e+38 1e+38 1e+38 1e+38 1e+38 1e+38 1e+38 1e+38 1e+38 1e+38 1e+38 1e+38 1e+38 1e+38 1e+38 1e+38 1e+38 1e+38 1e+38 1e+38 1e+38 1e+38 1e+38 1e+38 1e+38 1e+38 1e+38 1e+38 1e+38 1e+38 1e+38 1e+38 1e+38 1e+38 1e+38 1e+38 1e+38 1e+38 1e+38 1e+38 1e+38 1e+38 1e+38 1e+38 1e+38 1e+38 1e+38 1e+38 1e+38 1e+38 1e+38 1e+38 1e+38 1e+38 1e+38 1e+38 1e+38 1e+38 1e+38 1e+38 1e+38 1e+38 1e+38 1e+38 1e+38 1e+38 1e+38 1e+38 1e+38 1e+38 1e+38 1e+38 1e+38 1e+38 1e+38 1e+38 1e+38 1e+38 1e+38 1e+38 1e+38 1e+38 1e+38 1e+38 1e+38 1e+38 1e+38 1e+38 1e+38 1e+38 1e+38 1e+38 1e+38 1e+38 1e+38 1e+38 1e+38 1e+38 1e+38 1e+38 1e+38 1e+38 1e+38 1e+38 1e+38 1e+38 1e+38 1e+38 1e+38 1e+38 1e+38 1e+38 1e+38 1e+38 1e+38 1e+38 1e+38 1e+38 1e+38 1e+38 1e+38 1e+38 1e+38 1e+38 1e+38 1e+38 1e+38 1e+38 1e+38 1e+38 1e+38 1e+38 1e+38 1e+38 1e+38 1e+38 1e+38 1e+38 1e+38 1e+38 1e+38 1e+38 1e+38 1e+38 1e+38 1e+38 1e+38 1e+38 1e+38 1e+38 1e+38 1e+38 1e+38 1e+38 1e+38 1e+38 1e+38 1e+38 1e+38 1e+38 1e+38 1e+38 1e+38 1e+38 1e+38 1e+38 1e+38 1e+38 1e+38 1e+38 1e+38 1e+38 1e+38 1e+38 1e+38 1e+38 1e+38 1e+38 1e+38 1e+38 1e+38 1e+38 1e+38 1e+38 1e+38 1e+38 1e+38 1e+38 1e+38 1e+38 1e+38 1e+38 1e+38 1e+38 1e+38 1e+38 1e+38 1e+38 1e+38 1e+38 1e+38 1e+38 1e+38 1e+38 1e+38 1e+38 1e+38 1e+38 1e+38 1e+38 1e+38 1e+38 1e+38 1e+38 1e+38 1e+38 1e+38 1e+38 1e+38 1e+38 1e+38 1e+38 1e+38 1e+38 1e+38 1e+38 1e+38 1e+38 1e+38 1e+38 1e+38 1e+38 1e+38 1e+38 1e+38 1e+38 1e+38 1e+38 1e+38 1e+38 1e+38 1e+38 1e+38 1e+38 1e+38 1e+38 1e+38 1e+38 1e+38 1e+38 1e+38 1e+38 1e+38 1e+38 1e+38 1e+38 1e+38 1e+38 1e+38 1e+38 1e+38 1e+38 1e+38 1e+38 1e+38 1e+38 1e+38 1e+38 1e+38 1e+38 1e+38 1e+38 1e+38 1e+38 1e+38 1e+38 1e+38 1e+38 1e+38 1e+38 1e+38 1e+38 1e+38 1e+38 1e+38 1e+38 1e+38 1e+38 1e+38 1e+38 1e+38 1e+38 1e+38 1e+38 1e+38 1e+38 1e+38 1e+38 1e+38 1e+38 1e+38 1e+38 1e+38 1e+38 1e+38 1e+38 1e+38 1e+38 1e+38 1e+38 1e+38 1e+38 1e+38 1e+38 1e+38 1e+38 1e+38 1e+38 1e+38 1e+38 1e+38 1e+38 1e+38 1e+38 1e+38 1e+38 1e+38 1e+38 1e+38 1e+38 1e+38 1e+38 1e+38 1e+38 1e+38 1e+38 1e+38 1e+38 1e+38 1e+38 1e+38 1e+38 1e+38 1e+38 1e+38 1e+38 1e+38 1e+38 1e+38 1e+38 1e+38 1e+38 1e+38 1e+38 1e+38 1e+38 1e+38 1e+38 1e+38 1e+38 1e+38 1e+38 1e+38 1e+38 1e+38 1e+38 1e+38 1e+38 1e+38 1e+38 1e+38 1e+38 1e+38 1e+38 1e+38 1e+38 1e+38 1e+38 1e+38 1e+38 1e+38 1e+38 1e+38 1e+38 1e+38 1e+38 1e+38 1e+38 1e+38 1e+38 1e+38 1e+38 1e+38 1e+38 1e+38 1e+38 1e+38 1e+38 1e+38 1e+38 1e+38 1e+38 1e+38 1e+38 1e+38 1e+38 1e+38 1e+38 1e+38 1e+38 1e+38 1e+38 1e+38 1e+38 1e+38 1e+38 1e+38 1e+38 1e+38 1e+38 1e+38 1e+38 1e+38 1e+38 1e+38 1e+38 1e+38 1e+38 1e+38 1e+38 1e+38 1e+38 1e+38 1e+38 1e+38 1e+38 1e+38 1e+38 1e+38 1e+38 1e+38 1e+38 1e+38 1e+38 1e+38 1e+38 1e+38 1e+38 1e+38 1e+38 1e+38 1e+38 1e+38 1e+38 1e+38 1e+38 1e+38 1e+38 1e+38 1e+38 1e+38 1e+38 1e+38 1e+38 1e+38 1e+38 1e+38 1e+38 1e+38 1e+38 1e+38 1e+38 1e+38 1e+38 1e+38 1e+38 1e+38 1e+38 1e+38 1e+38 1e+38 1e+38 1e+38 1e+38 1e+38 1e+38 1e+38 1e+38 1e+38 1e+38 1e+38 1e+38 1e+38 1e+38 1e+38 1e+38 1e+38 1e+38 1e+38 1e+38 1e+38 1e+38 1e+38 1e+38 1e+38 1e+38 1e+38 1e+38 1e+38 1e+38 1e+38 1e+38 1e+38 1e+38 1e+38 1e+38 1e+38 1e+38 1e+38 1e+38 1e+38 1e+38 1e+38 1e+38 1e+38 1e+38 1e+38 1e+38 1e+38 1e+38 1e+38 1e+38 1e+38 1e+38 1e+38 1e+38 1e+38 1e+38 1e+38 1e+38 1e+38 1e+38 1e+38 1e+38 1e+38 1e+38 1e+38 1e+38 1e+38 1e+38 1e+38 1e+38 1e+38 1e+38 1e+38 1e+38 1e+38 1e+38 1e+38 1e+38 1e+38 1e+38 1e+38 1e+38 1e+38 1e+38 1e+38 1e+38 1e+38 1e+38 1e+38 1e+38 1e+38 1e+38 1e+38 1e+38 1e+38 1e+38 1e+38 1e+38 1e+38 1e+38 1e+38 1e+38 1e+38 1e+38 1e+38 1e+38 1e+38 1e+38 1e+38 1e+38 1e+38 1e+38 1e+38 1e+38 1e+38 1e+38 1e+38 1e+38 1e+38 1e+38 1e+38 1e+38 1e+38 1e+38 1e+38 1e+38 1e+38 1e+38 1e+38 1e+38 1e+38 1e+38 1e+38 1e+38 1e+38 1e+38 1e+38 1e+38 1e+38 1e+38 1e+38 1e+38 1e+38 1e+38 1e+38 1e+38 1e+38 1e+38 1e+38 1e+38 1e+38 1e+38 1e+38 1e+38 1e+38 1e+38 1e+38 1e+38 1e+38 1e+38 1e+38 1e+38 1e+38 1e+38 1e+38 1e+38 1e+38 1e+38 1e+38 1e+38 1e+38 1e+38 1e+38 1e+38 1e+38 1e+38 1e+38 1e+38 1e+38 1e+38 1e+38 1e+38 1e+38 1e+38 1e+38 1e+38 1e+38 1e+38 1e+38 1e+38 1e+38 1e+38 1e+38 1e+38 1e+38 1e+38 1e+38 1e+38 1e+38 1e+38 1e+38 1e+38 1e+38 1e+38 1e+38 1e+38 1e+38 1e+38 1e+38 1e+38 1e+38 1e+38 1e+38 1e+38 1e+38 1e+38 1e+38 1e+38 1e+38 1e+38 1e+38 1e+38 1e+38 1e+38 1e+38 1e+38 1e+38 1e+38 1e+38 1e+38 1e+38 1e+38 1e+38 1e+38 1e+38 1e+38 1e+38 1e+38 1e+38 1e+38 1e+38 1e+38 1e+38 1e+38 1e+38 1e+38 1e+38 1e+38 1e+38 1e+38 1e+38 1e+38 1e+38 1e+38 1e+38 1e+38 1e+38 1e+38 1e+38 1e+38 1e+38 1e+38 1e+38 1e+38 1e+38 1e+38 1e+38 1e+38 1e+38 1e+38 1e+38 1e+38 1e+38 1e+38 1e+38 1e+38 1e+38 1e+38 1e+38 1e+38 1e+38 1e+38 1e+38 1e+38 1e+38 1e+38 1e+38 1e+38 1e+38 1e+38 1e+38 1e+38 1e+38 1e+38 1e+38 1e+38 1e+38 1e+38 1e+38 1e+38 1e+38 1e+38 1e+38 1e+38 1e+38 1e+38 1e+38 1e+38 1e+38 1e+38 1e+38 1e+38 1e+38 1e+38 1e+38 1e+38 1e+38 1e+38 1e+38 1e+38 1e+38 1e+38 1e+38 1e+38 1e+38 1e+38 1e+38 1e+38 1e+38 1e+38 1e+38 1e+38 1e+38 1e+38 1e+38 1e+38 1e+38 1e+38 1e+38 1e+38 1e+38 1e+38 1e+38 1e+38 1e+38 1e+38 1e+38 1e+38 1e+38 1e+38 1e+38 1e+38 1e+38 1e+38 1e+38 1e+38 1e+38 1e+38 1e+38 1e+38 1e+38 1e+38 1e+38 1e+38 1e+38 1e+38 1e+38 1e+38 1e+38 1e+38 1e+38 1e+38 1e+38 1e+38 1e+38 1e+38 1e+38 1e+38 1e+38 1e+38 1e+38 1e+38 1e+38 1e+38 1e+38 1e+38 1e+38 1e+38 1e+38 1e+38 1e+38 1e+38 1e+38 1e+38 1e+38 1e+38 1e+38 1e+38 1e+38 1e+38 1e+38 1e+38 1e+38 1e+38 1e+38 1e+38 1e+38 1e+38 1e+38 1e+38 1e+38 1e+38 1e+38 1e+38 1e+38 1e+38 1e+38 1e+38 1e+38 1e+38 1e+38 1e+38 1e+38 1e+38 1e+38 1e+38 1e+38 1e+38 1e+38 1e+38 1e+38 1e+38 1e+38 1e+38 1e+38 1e+38 1e+38 1e+38 1e+38 1e+38 1e+38 1e+38 1e+38 1e+38 1e+38 1e+38 1e+38 1e+38 1e+38 1e+38 1e+38 1e+38 1e+38 1e+38 1e+38 1e+38 1e+38 1e+38 1e+38 1e+38 1e+38 1e+38 1e+38 1e+38 1e+38 1e+38 1e+38 1e+38 1e+38 1e+38 1e+38 1e+38 1e+38 1e+38 1e+38 1e+38 1e+38 1e+38 1e+38 1e+38 1e+38 1e+38 1e+38 1e+38 1e+38 1e+38 1e+38 1e+38 1e+38 1e+38 1e+38 1e+38 1e+38 1e+38 1e+38 1e+38 1e+38 1e+38 1e+38 1e+38 1e+38 1e+38 1e+38 1e+38 1e+38 1e+38 1e+38 1e+38 1e+38 1e+38 1e+38 1e+38 1e+38 1e+38 1e+38 1e+38 1e+38 1e+38 1e+38 1e+38 1e+38 1e+38 1e+38 1e+38 1e+38 1e+38 1e+38 1e+38 1e+38 1e+38 1e+38 1e+38 1e+38 1e+38 1e+38 1e+38 1e+38 1e+38 1e+38 1e+38 1e+38 1e+38 1e+38 1e+38 1e+38 1e+38 1e+38 1e+38 1e+38 1e+38 1e+38 1e+38 1e+38 1e+38 1e+38 1e+38 1e+38 1e+38 1e+38 1e+38 1e+38 1e+38 1e+38 1e+38 1e+38 1e+38 1e+38 1e+38 1e+38 1e+38 1e+38 1e+38 1e+38 1e+38 1e+38 1e+38 1e+38 1e+38 1e+38 1e+38 1e+38 1e+38 1e+38 1e+38 1e+38 1e+38 1e+38 1e+38 1e+38 1e+38 1e+38 1e+38 1e+38 1e+38 1e+38 1e+38 1e+38 1e+38 1e+38 1e+38 1e+38 1e+38 1e+38 1e+38 1e+38 1e+38 1e+38 1e+38 1e+38 1e+38 1e+38 1e+38 1e+38 1e+38 1e+38 1e+38 1e+38 1e+38 1e+38 1e+38 1e+38 1e+38 1e+38 1e+38 1e+38 1e+38 1e+38 1e+38 1e+38 1e+38 1e+38 1e+38 1e+38 1e+38 1e+38 1e+38 1e+38 1e+38 1e+38 1e+38 1e+38 1e+38 1e+38 1e+38 1e+38 1e+38 1e+38 1e+38 1e+38 1e+38 1e+38 1e+38 1e+38 1e+38 1e+38 1e+38 1e+38 1e+38 1e+38 1e+38 1e+38 1e+38 1e+38 1e+38 1e+38 1e+38 1e+38 1e+38 1e+38 1e+38 1e+38 1e+38 1e+38 1e+38 1e+38 1e+38 1e+38 1e+38 1e+38 1e+38 1e+38 1e+38 1e+38 1e+38 1e+38 1e+38 1e+38 1e+38 1e+38 1e+38 1e+38 1e+38 1e+38 1e+38 1e+38 1e+38 1e+38 1e+38 1e+38 1e+38 1e+38 1e+38 1e+38 1e+38 1e+38 1e+38 1e+38 1e+38 1e+38 1e+38 1e+38 1e+38 1e+38 1e+38 1e+38 1e+38 1e+38 1e+38 1e+38 1e+38 1e+38 1e+38 1e+38 1e+38 1e+38 1e+38 1e+38 1e+38 1e+38 1e+38 1e+38 1e+38 1e+38 1e+38 1e+38 1e+38 1e+38 1e+38 1e+38 1e+38 1e+38 1e+38 1e+38 1e+38 1e+38 1e+38 1e+38 1e+38 1e+38 1e+38 1e+38 1e+38 1e+38 1e+38 1e+38 1e+38 1e+38 1e+38 1e+38 1e+38 1e+38 1e+38 1e+38 1e+38 1e+38 1e+38 1e+38 1e+38 1e+38 1e+38 1e+38 1e+38 1e+38 1e+38 1e+38 1e+38 1e+38 1e+38 1e+38 1e+38 1e+38 1e+38 1e+38 1e+38 1e+38 1e+38 1e+38 1e+38 1e+38 1e+38 1e+38 1e+38 1e+38 1e+38 1e+38 1e+38 1e+38 1e+38 1e+38 1e+38 1e+38 1e+38 1e+38 1e+38 1e+38 1e+38 1e+38 1e+38 1e+38 1e+38 1e+38 1e+38 1e+38 1e+38 1e+38 1e+38 1e+38 1e+38 1e+38 1e+38 1e+38 1e+38 1e+38 1e+38 1e+38 1e+38 1e+38 1e+38 1e+38 1e+38 1e+38 1e+38 1e+38 1e+38 1e+38 1e+38 1e+38 1e+38 1e+38 1e+38 1e+38 1e+38 1e+38 1e+38 1e+38 1e+38 1e+38 1e+38 1e+38 1e+38 1e+38 1e+38 1e+38 1e+38 1e+38 1e+38 1e+38 1e+38 1e+38 1e+38 1e+38 1e+38 1e+38 1e+38 1e+38 1e+38 1e+38 1e+38 1e+38 1e+38 1e+38 1e+38 1e+38 1e+38 1e+38 1e+38 1e+38 1e+38 1e+38 1e+38 1e+38 1e+38 1e+38 1e+38 1e+38 1e+38 1e+38 1e+38 1e+38 1e+38 1e+38 1e+38 1e+38 1e+38 1e+38 1e+38 1e+38 1e+38 1e+38 1e+38 1e+38 1e+38 1e+38 1e+38 1e+38 1e+38 1e+38 1e+38 1e+38 1e+38 1e+38 1e+38 1e+38 1e+38 1e+38 1e+38 1e+38 1e+38 1e+38 1e+38 1e+38 1e+38 1e+38 1e+38 1e+38 1e+38 1e+38 1e+38 1e+38 1e+38 1e+38 1e+38 1e+38 1e+38 1e+38 1e+38 1e+38 1e+38 1e+38 1e+38 1e+38 1e+38 1e+38 1e+38 1e+38 1e+38 1e+38 1e+38 1e+38 1e+38 1e+38 1e+38 1e+38 1e+38 1e+38 1e+38 1e+38 1e+38 1e+38 1e+38 1e+38 1e+38 1e+38 1e+38 1e+38 1e+38 1e+38 1e+38 1e+38 1e+38 1e+38 1e+38 1e+38 1e+38 1e+38 1e+38 1e+38 1e+38 1e+38 1e+38 1e+38 1e+38 1e+38 1e+38 1e+38 1e+38 1e+38 1e+38 1e+38 1e+38 1e+38 1e+38 1e+38 1e+38 1e+38 1e+38 1e+38 1e+38 1e+38 1e+38 1e+38 1e+38 1e+38 1e+38 1e+38 1e+38 1e+38 1e+38 1e+38 1e+38 1e+38 1e+38 1e+38 1e+38 1e+38 1e+38 1e+38 1e+38 1e+38 1e+38 1e+38 1e+38 1e+38 1e+38 1e+38 1e+38 1e+38 1e+38 1e+38 1e+38 1e+38 1e+38 1e+38 1e+38 1e+38 1e+38 1e+38 1e+38 1e+38 1e+38 1e+38 1e+38 1e+38 1e+38 1e+38 1e+38 1e+38 1e+38 1e+38 1e+38 1e+38 1e+38 1e+38 1e+38 1e+38 1e+38 1e+38 1e+38 1e+38 1e+38 1e+38 1e+38 1e+38 1e+38 1e+38 1e+38 1e+38 1e+38 1e+38 1e+38 1e+38 1e+38 1e+38 1e+38 1e+38 1e+38 1e+38 1e+38 1e+38 1e+38 1e+38 1e+38 1e+38 1e+38 1e+38 1e+38 1e+38 1e+38 1e+38 1e+38 1e+38 1e+38 1e+38 1e+38 1e+38 1e+38 1e+38 1e+38 1e+38 1e+38 1e+38 1e+38 1e+38 1e+38 1e+38 1e+38 1e+38 1e+38 1e+38 1e+38 1e+38 1e+38 1e+38 1e+38 1e+38 1e+38 1e+38 1e+38 1e+38 1e+38 1e+38 1e+38 1e+38 1e+38 1e+38 1e+38 1e+38 1e+38 1e+38 1e+38 1e+38 1e+38 1e+38 1e+38 1e+38 1e+38 1e+38 1e+38 1e+38 1e+38 1e+38 1e+38 1e+38 1e+38 1e+38 1e+38 1e+38 1e+38 1e+38 1e+38 1e+38 1e+38 1e+38 1e+38 1e+38 1e+38 1e+38 1e+38 1e+38 1e+38 1e+38 1e+38 1e+38 1e+38 1e+38 1e+38 1e+38 1e+38 1e+38 1e+38 1e+38 1e+38 1e+38 1e+38 1e+38 1e+38 1e+38 1e+38 1e+38 1e+38 1e+38 1e+38 1e+38 1e+38 1e+38 1e+38 1e+38 1e+38 1e+38 1e+38 1e+38 1e+38 1e+38 1e+38 1e+38 1e+38 1e+38 1e+38 1e+38 1e+38 1e+38 1e+38 1e+38 1e+38 1e+38 1e+38 1e+38 1e+38 1e+38 1e+38 1e+38 1e+38 1e+38 1e+38 1e+38 1e+38 1e+38 1e+38 1e+38 1e+38 1e+38 1e+38 1e+38 1e+38 1e+38 1e+38 1e+38 1e+38 1e+38 1e+38 1e+38 1e+38 1e+38 1e+38 1e+38 1e+38 1e+38 1e+38 1e+38 1e+38 1e+38 1e+38 1e+38 1e+38 1e+38 1e+38 1e+38 1e+38 1e+38 1e+38 1e+38 1e+38 1e+38 1e+38 1e+38 1e+38 1e+38 1e+38 1e+38 1e+38 1e+38 1e+38 1e+38 1e+38 1e+38 1e+38 1e+38 1e+38 1e+38 1e+38 1e+38 1e+38 1e+38 1e+38 1e+38 1e+38 1e+38 1e+38 1e+38 1e+38 1e+38 1e+38 1e+38 1e+38 1e+38 1e+38 1e+38 1e+38 1e+38 1e+38 1e+38 1e+38 1e+38 1e+38 1e+38 1e+38 1e+38 1e+38 1e+38 1e+38 1e+38 1e+38 1e+38 1e+38 1e+38 1e+38 1e+38 1e+38 1e+38 1e+38 1e+38 1e+38 1e+38 1e+38 1e+38 1e+38 1e+38 1e+38 1e+38 1e+38 1e+38 1e+38 1e+38 1e+38 1e+38 1e+38 1e+38 1e+38 1e+38 1e+38 1e+38 1e+38 1e+38 1e+38 1e+38 1e+38 1e+38 1e+38 1e+38 1e+38 1e+38 1e+38 1e+38 1e+38 1e+38 1e+38 1e+38 1e+38 1e+38 1e+38 1e+38 1e+38 1e+38 1e+38 1e+38 1e+38 1e+38 1e+38 1e+38 1e+38 1e+38 1e+38 1e+38 1e+38 1e+38 1e+38 1e+38 1e+38 1e+38 1e+38 1e+38 1e+38 1e+38 1e+38 1e+38 1e+38 1e+38 1e+38 1e+38 1e+38 1e+38 1e+38 1e+38 1e+38 1e+38 1e+38 1e+38 1e+38 1e+38 1e+38 1e+38 1e+38 1e+38 1e+38 1e+38 1e+38 1e+38 1e+38 1e+38 1e+38 1e+38 1e+38 1e+38 1e+38 1e+38 1e+38 1e+38 1e+38 1e+38 1e+38 1e+38 1e+38 1e+38 1e+38 1e+38 1e+38 1e+38 1e+38 1e+38 1e+38 1e+38 1e+38 1e+38 1e+38 1e+38 1e+38 1e+38 1e+38 1e+38 1e+38 1e+38 1e+38 1e+38 1e+38 1e+38 1e+38 1e+38 1e+38 1e+38 1e+38 1e+38 1e+38 1e+38 1e+38 1e+38 1e+38 1e+38 1e+38 1e+38 1e+38 1e+38 1e+38 1e+38 1e+38 1e+38 1e+38 1e+38 1e+38 1e+38 1e+38 1e+38 1e+38 1e+38 1e+38 1e+38 1e+38 1e+38 1e+38 1e+38 1e+38 1e+38 1e+38 1e+38 1e+38 1e+38 1e+38 1e+38 1e+38 1e+38 1e+38 1e+38 1e+38 1e+38 1e+38 1e+38 1e+38 1e+38 1e+38 1e+38 1e+38 1e+38 1e+38 1e+38 1e+38 1e+38 1e+38 1e+38 1e+38 1e+38 1e+38 1e+38 1e+38 1e+38 1e+38 1e+38 1e+38 1e+38 1e+38 1e+38 1e+38 1e+38 1e+38 1e+38 1e+38 1e+38 1e+38 1e+38 1e+38 1e+38 1e+38 1e+38 1e+38 1e+38 1e+38 1e+38 1e+38 1e+38 1e+38 1e+38 1e+38 1e+38 1e+38 1e+38 1e+38 1e+38 1e+38 1e+38 1e+38 1e+38 1e+38 1e+38 1e+38 1e+38 1e+38 1e+38 1e+38 1e+38 1e+38 1e+38 1e+38 1e+38 1e+38 1e+38 1e+38 1e+38 1e+38 1e+38 1e+38 1e+38 1e+38 1e+38 1e+38 1e+38 1e+38 1e+38 1e+38 1e+38 1e+38 1e+38 1e+38 1e+38 1e+38 1e+38 1e+38 1e+38 1e+38 1e+38 1e+38 1e+38 1e+38 1e+38 1e+38 1e+38 1e+38 1e+38 1e+38 1e+38 1e+38 1e+38 1e+38 1e+38 1e+38 1e+38 1e+38 1e+38 1e+38 1e+38 1e+38 1e+38 1e+38 1e+38 1e+38 1e+38 1e+38 1e+38 1e+38 1e+38 1e+38 1e+38 1e+38 1e+38 1e+38 1e+38 1e+38 1e+38 1e+38 1e+38 1e+38 1e+38 1e+38 1e+38 1e+38 1e+38 1e+38 1e+38 1e+38 1e+38 1e+38 1e+38 1e+38 1e+38 1e+38 1e+38 1e+38 1e+38 1e+38 1e+38 1e+38 1e+38 1e+38 1e+38 1e+38 1e+38 1e+38 1e+38 1e+38 1e+38 1e+38 1e+38 1e+38 1e+38 1e+38 1e+38 1e+38 1e+38 1e+38 1e+38 1e+38 1e+38 1e+38 1e+38 1e+38 1e+38 1e+38 1e+38 1e+38 1e+38 1e+38 1e+38 1e+38 1e+38 1e+38 1e+38 1e+38 1e+38 1e+38 1e+38 1e+38 1e+38 1e+38 1e+38 1e+38 1e+38 1e+38 1e+38 1e+38 1e+38 1e+38 1e+38 1e+38 1e+38 1e+38 1e+38 1e+38 1e+38 1e+38 1e+38 1e+38 1e+38 1e+38 1e+38 1e+38 1e+38 1e+38 1e+38 1e+38 1e+38 1e+38 1e+38 1e+38 1e+38 1e+38 1e+38 1e+38 1e+38 1e+38 1e+38 1e+38 1e+38 1e+38 1e+38 1e+38 1e+38 1e+38 1e+38 1e+38 1e+38 1e+38 1e+38 1e+38 1e+38 1e+38 1e+38 1e+38 1e+38 1e+38 1e+38 1e+38 1e+38 1e+38 1e+38 1e+38 1e+38 1e+38 1e+38 1e+38 1e+38 1e+38 1e+38 1e+38 1e+38 1e+38 1e+38 1e+38 1e+38 1e+38 1e+38 1e+38 1e+38 1e+38 1e+38 1e+38 1e+38 1e+38 1e+38 1e+38 1e+38 1e+38 1e+38 1e+38 1e+38 1e+38 1e+38 1e+38 1e+38 1e+38 1e+38 1e+38 1e+38 1e+38 1e+38 1e+38 1e+38 1e+38 1e+38 1e+38 1e+38 1e+38 1e+38 1e+38 1e+38 1e+38 1e+38 1e+38 1e+38 1e+38 1e+38 1e+38 1e+38 1e+38 1e+38 1e+38 1e+38 1e+38 1e+38 1e+38 1e+38 1e+38 1e+38 1e+38 1e+38 1e+38 1e+38 1e+38 1e+38 1e+38 1e+38 1e+38 1e+38 1e+38 1e+38 1e+38 1e+38 1e+38 1e+38 1e+38 1e+38 1e+38 1e+38 1e+38 1e+38 1e+38 1e+38 1e+38 1e+38 1e+38 1e+38 1e+38 1e+38 1e+38 1e+38 1e+38 1e+38 1e+38 1e+38 1e+38 1e+38 1e+38 1e+38 1e+38 1e+38 1e+38 1e+38 1e+38 1e+38 1e+38 1e+38 1e+38 1e+38 1e+38 1e+38 1e+38 1e+38 1e+38 1e+38 1e+38 1e+38 1e+38 1e+38 1e+38 1e+38 1e+38 1e+38 1e+38 1e+38 1e+38 1e+38 1e+38 1e+38 1e+38 1e+38 1e+38 1e+38 1e+38 1e+38 1e+38 1e+38 1e+38 1e+38 1e+38 1e+38 1e+38 1e+38 1e+38 1e+38 1e+38 1e+38 1e+38 1e+38 1e+38 1e+38 1e+38 1e+38 1e+38 1e+38 1e+38 1e+38 1e+38 1e+38 1e+38 1e+38 1e+38 1e+38 1e+38 1e+38 1e+38 1e+38 1e+38 1e+38 1e+38 1e+38 1e+38 1e+38 1e+38 1e+38 1e+38 1e+38 1e+38 1e+38 1e+38 1e+38 1e+38 1e+38 1e+38 1e+38 1e+38 1e+38 1e+38 1e+38 1e+38 1e+38 1e+38 1e+38 1e+38 1e+38 1e+38 1e+38 1e+38 1e+38 1e+38 1e+38 1e+38 1e+38 1e+38 1e+38 1e+38 1e+38 1e+38 1e+38 1e+38 1e+38 1e+38 1e+38 1e+38 1e+38 1e+38 1e+38 1e+38 1e+38 1e+38 1e+38 1e+38 1e+38 1e+38 1e+38 1e+38 1e+38 1e+38 1e+38 1e+38 1e+38 1e+38 1e+38 1e+38 1e+38 1e+38 1e+38 1e+38 1e+38 1e+38 1e+38 1e+38 1e+38 1e+38 1e+38 1e+38 1e+38 1e+38 1e+38 1e+38 1e+38 1e+38 1e+38 1e+38 1e+38 1e+38 1e+38 1e+38 1e+38 1e+38 1e+38 1e+38 1e+38 1e+38 1e+38 1e+38 1e+38 1e+38 1e+38 1e+38 1e+38 1e+38 1e+38 1e+38 1e+38 1e+38 1e+38 1e+38 1e+38 1e+38 1e+38 1e+38 1e+38 1e+38 1e+38 1e+38 1e+38 1e+38 1e+38 1e+38 1e+38 1e+38 1e+38 1e+38 1e+38 1e+38 1e+38 1e+38 1e+38 1e+38 1e+38 1e+38 1e+38 1e+38 1e+38 1e+38 1e+38 1e+38 1e+38 1e+38 1e+38 1e+38 1e+38 1e+38 1e+38 1e+38 1e+38 1e+38 1e+38 1e+38 1e+38 1e+38 1e+38 1e+38 1e+38 1e+38 1e+38 1e+38 1e+38 1e+38 1e+38 1e+38 1e+38 1e+38 1e+38 1e+38 1e+38 1e+38 1e+38 1e+38 1e+38 1e+38 1e+38 1e+38 1e+38 1e+38 1e+38 1e+38 1e+38 1e+38 1e+38 1e+38 1e+38 1e+38 1e+38 1e+38 1e+38 1e+38 1e+38 1e+38 1e+38 1e+38 1e+38 1e+38 1e+38 1e+38 1e+38 1e+38 1e+38 1e+38 1e+38 1e+38 1e+38 1e+38 1e+38 1e+38 1e+38 1e+38 1e+38 1e+38 1e+38 1e+38 1e+38 1e+38 1e+38 1e+38 1e+38 1e+38 1e+38 1e+38 1e+38 1e+38 1e+38 1e+38 1e+38 1e+38 1e+38 1e+38 1e+38 1e+38 1e+38 1e+38 1e+38 1e+38 1e+38 1e+38 1e+38 1e+38 1e+38 1e+38 1e+38 1e+38 1e+38 1e+38 1e+38 1e+38 1e+38 1e+38 1e+38 1e+38 1e+38 1e+38 1e+38 1e+38 1e+38 1e+38 1e+38 1e+38 1e+38 1e+38 1e+38 1e+38 1e+38 1e+38 1e+38 1e+38 1e+38 1e+38 1e+38 1e+38 1e+38 1e+38 1e+38 1e+38 1e+38 1e+38 1e+38 1e+38 1e+38 1e+38 1e+38 1e+38 1e+38 1e+38 1e+38 1e+38 1e+38 1e+38 1e+38 1e+38 1e+38 1e+38 1e+38 1e+38 1e+38 1e+38 1e+38 1e+38 1e+38 1e+38 1e+38 1e+38 1e+38 1e+38 1e+38 1e+38 1e+38 1e+38 1e+38 1e+38 1e+38 1e+38 1e+38 1e+38 1e+38 1e+38 1e+38 1e+38 1e+38 1e+38 1e+38 1e+38 1e+38 1e+38 1e+38 1e+38 1e+38 1e+38 1e+38 1e+38 1e+38 1e+38 1e+38 1e+38 1e+38 1e+38 1e+38 1e+38 1e+38 1e+38 1e+38 1e+38 1e+38 1e+38 1e+38 1e+38 1e+38 1e+38 1e+38 1e+38 1e+38 1e+38 1e+38 1e+38 1e+38 1e+38 1e+38 1e+38 1e+38 1e+38 1e+38 1e+38 1e+38 1e+38 1e+38 1e+38 1e+38 1e+38 1e+38 1e+38 1e+38 1e+38 1e+38 1e+38 1e+38 1e+38 1e+38 1e+38 1e+38 1e+38 1e+38 1e+38 1e+38 1e+38 1e+38 1e+38 1e+38 1e+38 1e+38 1e+38 1e+38 1e+38 1e+38 1e+38 1e+38 1e+38 1e+38 1e+38 1e+38 1e+38 1e+38 1e+38 1e+38 1e+38 1e+38 1e+38 1e+38 1e+38 1e+38 1e+38 1e+38 1e+38 1e+38 1e+38 1e+38 1e+38 1e+38 1e+38 1e+38 1e+38 1e+38 1e+38 1e+38 1e+38 1e+38 1e+38 1e+38 1e+38 1e+38 1e+38 1e+38 1e+38 1e+38 1e+38 1e+38 1e+38 1e+38 1e+38 1e+38 1e+38 1e+38 1e+38 1e+38 1e+38 1e+38 1e+38 1e+38 1e+38 1e+38 1e+38 1e+38 1e+38 1e+38 1e+38 1e+38 1e+38 1e+38 1e+38 1e+38 1e+38 1e+38 1e+38 1e+38 1e+38 1e+38 1e+38 1e+38 1e+38 1e+38 1e+38 1e+38 1e+38 1e+38 1e+38 1e+38 1e+38 1e+38 1e+38 1e+38 1e+38 1e+38 1e+38 1e+38 1e+38 1e+38 1e+38 1e+38 1e+38 1e+38 1e+38 1e+38 1e+38 1e+38 1e+38 1e+38 1e+38 1e+38 1e+38 1e+38 1e+38 1e+38 1e+38 1e+38 1e+38 1e+38 1e+38 1e+38 1e+38 1e+38 1e+38 1e+38 1e+38 1e+38 1e+38 1e+38 1e+38 1e+38 1e+38 1e+38 1e+38 1e+38 1e+38 1e+38 1e+38 1e+38 1e+38 1e+38 1e+38 1e+38 1e+38 1e+38 1e+38 1e+38 1e+38 1e+38 1e+38 1e+38 1e+38 1e+38 1e+38 1e+38 1e+38 1e+38 1e+38 1e+38 1e+38 1e+38 1e+38 1e+38 1e+38 1e+38 1e+38 1e+38 1e+38 1e+38 1e+38 1e+38 1e+38 1e+38 1e+38 1e+38 1e+38 1e+38 1e+38 1e+38 1e+38 1e+38 1e+38 1e+38 1e+38 1e+38 1e+38 1e+38 1e+38 1e+38 1e+38 1e+38 1e+38 1e+38 1e+38 1e+38 1e+38 1e+38 1e+38 1e+38 1e+38 1e+38 1e+38 1e+38 1e+38 1e+38 1e+38 1e+38 1e+38 1e+38 1e+38 1e+38 1e+38 1e+38 1e+38 1e+38 1e+38 1e+38 1e+38 1e+38 1e+38 1e+38 1e+38 1e+38 1e+38 1e+38 1e+38 1e+38 1e+38 1e+38 1e+38 1e+38 1e+38 1e+38 1e+38 1e+38 1e+38 1e+38 1e+38 1e+38 1e+38 1e+38 1e+38 1e+38 1e+38 1e+38 1e+38 1e+38 1e+38 1e+38 1e+38 1e+38 1e+38 1e+38 1e+38 1e+38 1e+38 1e+38 1e+38 1e+38 1e+38 1e+38 1e+38 1e+38 1e+38 1e+38 1e+38 1e+38 1e+38 1e+38 1e+38 1e+38 1e+38 1e+38 1e+38 1e+38 1e+38 1e+38 1e+38 1e+38 1e+38 1e+38 1e+38 1e+38 1e+38 1e+38 1e+38 1e+38 1e+38 1e+38 1e+38 1e+38 1e+38 1e+38 1e+38 1e+38 1e+38 1e+38 1e+38 1e+38 1e+38 1e+38 1e+38 1e+38 1e+38 1e+38 1e+38 1e+38 1e+38 1e+38 1e+38 1e+38 1e+38 1e+38 1e+38 1e+38 1e+38 1e+38 1e+38 1e+38 1e+38 1e+38 1e+38 1e+38 1e+38 1e+38 1e+38 1e+38 1e+38 1e+38 1e+38 1e+38 1e+38 1e+38 1e+38 1e+38 1e+38 1e+38 1e+38 1e+38 1e+38 1e+38 1e+38 1e+38 1e+38 1e+38 1e+38 1e+38 1e+38 1e+38 1e+38 1e+38 1e+38 1e+38 1e+38 1e+38 1e+38 1e+38 1e+38 1e+38 1e+38 1e+38 1e+38 1e+38 1e+38 1e+38 1e+38 1e+38 1e+38 1e+38 1e+38 1e+38 1e+38 1e+38 1e+38 1e+38 1e+38 1e+38 1e+38 1e+38 1e+38 1e+38 1e+38 1e+38 1e+38 1e+38 1e+38 1e+38 1e+38 1e+38 1e+38 1e+38 1e+38 1e+38 1e+38 1e+38 1e+38 1e+38 1e+38 1e+38 1e+38 1e+38 1e+38 1e+38 1e+38 1e+38 1e+38 1e+38 1e+38 1e+38 1e+38 1e+38 1e+38 1e+38 1e+38 1e+38 1e+38 1e+38 1e+38 1e+38 1e+38 1e+38 1e+38 1e+38 1e+38 1e+38 1e+38 1e+38 1e+38 1e+38 1e+38 1e+38 1e+38 1e+38 1e+38 1e+38 1e+38 1e+38 1e+38 1e+38 1e+38 1e+38 1e+38 1e+38 1e+38 1e+38 1e+38 1e+38 1e+38 1e+38 1e+38 1e+38 1e+38 1e+38 1e+38 1e+38 1e+38 1e+38 1e+38 1e+38 1e+38 1e+38 1e+38 1e+38 1e+38 1e+38 1e+38 1e+38 1e+38 1e+38 1e+38 1e+38 1e+38 1e+38 1e+38 1e+38 1e+38 1e+38 1e+38 1e+38 1e+38 1e+38 1e+38 1e+38 1e+38 1e+38 1e+38 1e+38 1e+38 1e+38 1e+38 1e+38 1e+38 1e+38 1e+38 1e+38 1e+38 1e+38 1e+38 1e+38 1e+38 1e+38 1e+38 1e+38 1e+38 1e+38 1e+38 1e+38 1e+38 1e+38 1e+38 1e+38 1e+38 1e+38 1e+38 1e+38 1e+38 1e+38 1e+38 1e+38 1e+38 1e+38 1e+38 1e+38 1e+38 1e+38 1e+38 1e+38 1e+38 1e+38 1e+38 1e+38 1e+38 1e+38 1e+38 1e+38 1e+38 1e+38 1e+38 1e+38 1e+38 1e+38 1e+38 1e+38 1e+38 1e+38 1e+38 1e+38 1e+38 1e+38 1e+38 1e+38 1e+38 1e+38 1e+38 1e+38 1e+38 1e+38 1e+38 1e+38 1e+38 1e+38 1e+38 1e+38 1e+38 1e+38 1e+38 1e+38 1e+38 1e+38 1e+38 1e+38 1e+38 1e+38 1e+38 1e+38 1e+38 1e+38 1e+38 1e+38 1e+38 1e+38 1e+38 1e+38 1e+38 1e+38 1e+38 1e+38 1e+38 1e+38 1e+38 1e+38 1e+38 1e+38 1e+38 1e+38 1e+38 1e+38 1e+38 1e+38 1e+38 1e+38 1e+38 1e+38 1e+38 1e+38 1e+38 1e+38 1e+38 1e+38 1e+38 1e+38 1e+38 1e+38 1e+38 1e+38 1e+38 1e+38 1e+38 1e+38 1e+38 1e+38 1e+38 1e+38 1e+38 1e+38 1e+38 1e+38 1e+38 1e+38 1e+38 1e+38 1e+38 1e+38 1e+38 1e+38 1e+38 1e+38 1e+38 1e+38 1e+38 1e+38 1e+38 1e+38 1e+38 1e+38 1e+38 1e+38 1e+38 1e+38 1e+38 1e+38 1e+38 1e+38 1e+38 1e+38 1e+38 1e+38 1e+38 1e+38 1e+38 1e+38 1e+38 1e+38 1e+38 1e+38 1e+38 1e+38 1e+38 1e+38 1e+38 1e+38 1e+38 1e+38 1e+38 1e+38 1e+38 1e+38 1e+38 1e+38 1e+38 1e+38 1e+38 1e+38 1e+38 1e+38 1e+38 1e+38 1e+38 1e+38 1e+38 1e+38 1e+38 1e+38 1e+38 1e+38 1e+38 1e+38 1e+38 1e+38 1e+38 1e+38 1e+38 1e+38 1e+38 1e+38 1e+38 1e+38 1e+38 1e+38 1e+38 1e+38 1e+38 1e+38 1e+38 1e+38 1e+38 1e+38 1e+38 1e+38 1e+38 1e+38 1e+38 1e+38 1e+38 1e+38 1e+38 1e+38 1e+38 1e+38 1e+38 1e+38 1e+38 1e+38 1e+38 1e+38 1e+38 1e+38 1e+38 1e+38 1e+38 1e+38 1e+38 1e+38 1e+38 1e+38 1e+38 1e+38 1e+38 1e+38 1e+38 1e+38 1e+38 1e+38 1e+38 1e+38 1e+38 1e+38 1e+38 1e+38 1e+38 1e+38 1e+38 1e+38 1e+38 1e+38 1e+38 1e+38 1e+38 1e+38 1e+38 1e+38 1e+38 1e+38 1e+38 1e+38 1e+38 1e+38 1e+38 1e+38 1e+38 1e+38 1e+38 1e+38 1e+38 1e+38 1e+38 1e+38 1e+38 1e+38 1e+38 1e+38 1e+38 1e+38 1e+38 1e+38 1e+38 1e+38 1e+38 1e+38 1e+38 1e+38 1e+38 1e+38 1e+38 1e+38 1e+38 1e+38 1e+38 1e+38 1e+38 1e+38 1e+38 1e+38 1e+38 1e+38 1e+38 1e+38 1e+38 1e+38 1e+38 1e+38 1e+38 1e+38 1e+38 1e+38 1e+38 1e+38 1e+38 1e+38 1e+38 1e+38 1e+38 1e+38 1e+38 1e+38 1e+38 1e+38 1e+38 1e+38 1e+38 1e+38 1e+38 1e+38 1e+38 1e+38 1e+38 1e+38 1e+38 1e+38 1e+38 1e+38 1e+38 1e+38 1e+38 1e+38 1e+38 1e+38 1e+38 1e+38 1e+38 1e+38 1e+38 1e+38 1e+38 1e+38 1e+38 1e+38 1e+38 1e+38 1e+38 1e+38 1e+38 1e+38 1e+38 1e+38 1e+38 1e+38 1e+38 1e+38 1e+38 1e+38 1e+38 1e+38 1e+38 1e+38 1e+38 1e+38 1e+38 1e+38 1e+38 1e+38 1e+38 1e+38 1e+38 1e+38 1e+38 1e+38 1e+38 1e+38 1e+38 1e+38 1e+38 1e+38 1e+38 1e+38 1e+38 1e+38 1e+38 1e+38 1e+38 1e+38 1e+38 1e+38 1e+38 1e+38 1e+38 1e+38 1e+38 1e+38 1e+38 1e+38 1e+38 1e+38 1e+38 1e+38 1e+38 1e+38 1e+38 1e+38 1e+38 1e+38 1e+38 1e+38 1e+38 1e+38 1e+38 1e+38 1e+38 1e+38 1e+38 1e+38 1e+38 1e+38 1e+38 1e+38 1e+38 1e+38 1e+38 1e+38 1e+38 1e+38 1e+38 1e+38 1e+38 1e+38 1e+38 1e+38 1e+38 1e+38 1e+38 1e+38 1e+38 1e+38 1e+38 1e+38 1e+38 1e+38 1e+38 1e+38 1e+38 1e+38 1e+38 1e+38 1e+38 1e+38 1e+38 1e+38 1e+38 1e+38 1e+38 1e+38 1e+38 1e+38 1e+38 1e+38 1e+38 1e+38 1e+38 1e+38 1e+38 1e+38 1e+38 1e+38 1e+38 1e+38 1e+38 1e+38 1e+38 1e+38 1e+38 1e+38 1e+38 1e+38 1e+38 1e+38 1e+38 1e+38 1e+38 1e+38 1e+38 1e+38 1e+38 1e+38 1e+38 1e+38 1e+38 1e+38 1e+38 1e+38 1e+38 1e+38 1e+38 1e+38 1e+38 1e+38 1e+38 1e+38 1e+38 1e+38 1e+38 1e+38 1e+38 1e+38 1e+38 1e+38 1e+38 1e+38 1e+38 1e+38 1e+38 1e+38 1e+38 1e+38 1e+38 1e+38 1e+38 1e+38 1e+38 1e+38 1e+38 1e+38 1e+38 1e+38 1e+38 1e+38 1e+38 1e+38 1e+38 1e+38 1e+38 1e+38 1e+38 1e+38 1e+38 1e+38 1e+38 1e+38 1e+38 1e+38 1e+38 1e+38 1e+38 1e+38 1e+38 1e+38 1e+38 1e+38 1e+38 1e+38 1e+38 1e+38 1e+38 1e+38 1e+38 1e+38 1e+38 1e+38 1e+38 1e+38 1e+38 1e+38 1e+38 1e+38 1e+38 1e+38 1e+38 1e+38 1e+38 1e+38 1e+38 1e+38 1e+38 1e+38 1e+38 1e+38 1e+38 1e+38 1e+38 1e+38 1e+38 1e+38 1e+38 1e+38 1e+38 1e+38 1e+38 1e+38 1e+38 1e+38 1e+38 1e+38 1e+38 1e+38 1e+38 1e+38 1e+38 1e+38 1e+38 1e+38 1e+38 1e+38 1e+38 1e+38 1e+38 1e+38 1e+38 1e+38 1e+38 1e+38 1e+38 1e+38 1e+38 1e+38 1e+38 1e+38 1e+38 1e+38 1e+38 1e+38 1e+38 1e+38 1e+38 1e+38 1e+38 1e+38 1e+38 1e+38 1e+38 1e+38 1e+38 1e+38 1e+38 1e+38 1e+38 1e+38 1e+38 1e+38 1e+38 1e+38 1e+38 1e+38 1e+38 1e+38 1e+38 1e+38 1e+38 1e+38 1e+38 1e+38 1e+38 1e+38 1e+38 1e+38 1e+38 1e+38 1e+38 1e+38 1e+38 1e+38 1e+38 1e+38 1e+38 1e+38 1e+38 1e+38 1e+38 1e+38 1e+38 1e+38 1e+38 1e+38 1e+38 1e+38 1e+38 1e+38 1e+38 1e+38 1e+38 1e+38 1e+38 1e+38 1e+38 1e+38 1e+38 1e+38 1e+38 1e+38 1e+38 1e+38 1e+38 1e+38 1e+38 1e+38 1e+38 1e+38 1e+38 1e+38 1e+38 1e+38 1e+38 1e+38 1e+38 1e+38 1e+38 1e+38 1e+38 1e+38 1e+38 1e+38 1e+38 1e+38 1e+38 1e+38 1e+38 1e+38 1e+38 1e+38 1e+38 1e+38 1e+38 1e+38 1e+38 1e+38 1e+38 1e+38 1e+38 1e+38 1e+38 1e+38 1e+38 1e+38 1e+38 1e+38 1e+38 1e+38 1e+38 1e+38 1e+38 1e+38 1e+38 1e+38 1e+38 1e+38 1e+38 1e+38 1e+38 1e+38 1e+38 1e+38 1e+38 1e+38 1e+38 1e+38 1e+38 1e+38 1e+38 1e+38 1e+38 1e+38 1e+38 1e+38 1e+38 1e+38 1e+38 1e+38 1e+38 1e+38 1e+38 1e+38 1e+38 1e+38 1e+38 1e+38 1e+38 1e+38 1e+38 1e+38 1e+38 1e+38 1e+38 1e+38 1e+38 1e+38 1e+38 1e+38 1e+38 1e+38 1e+38 1e+38 1e+38 1e+38 1e+38 1e+38 1e+38 1e+38 1e+38 1e+38 1e+38 1e+38 1e+38 1e+38 1e+38 1e+38 1e+38 1e+38 1e+38 1e+38 1e+38 1e+38 1e+38 1e+38 1e+38 1e+38 1e+38 1e+38 1e+38 1e+38 1e+38 1e+38 1e+38 1e+38 1e+38 1e+38 1e+38 1e+38 1e+38 1e+38 1e+38 1e+38 1e+38 1e+38 1e+38 1e+38 1e+38 1e+38 1e+38 1e+38 1e+38 1e+38 1e+38 1e+38 1e+38 1e+38 1e+38 1e+38 1e+38 1e+38 1e+38 1e+38 1e+38 1e+38 1e+38 1e+38 1e+38 1e+38 1e+38 1e+38 1e+38 1e+38 1e+38 1e+38 1e+38 1e+38 1e+38 1e+38 1e+38 1e+38 1e+38 1e+38 1e+38 1e+38 1e+38 1e+38 1e+38 1e+38 1e+38 1e+38 1e+38 1e+38 1e+38 1e+38 1e+38 1e+38 1e+38 1e+38 1e+38 1e+38 1e+38 1e+38 1e+38 1e+38 1e+38 1e+38 1e+38 1e+38 1e+38 1e+38 1e+38 1e+38 1e+38 1e+38 1e+38 1e+38 1e+38 1e+38 1e+38 1e+38 1e+38 1e+38 1e+38 1e+38 1e+38 1e+38 1e+38 1e+38 1e+38 1e+38 1e+38 1e+38 1e+38 1e+38 1e+38 1e+38 1e+38 1e+38 1e+38 1e+38 1e+38 1e+38 1e+38 1e+38 1e+38 1e+38 1e+38 1e+38 1e+38 1e+38 1e+38 1e+38 1e+38 1e+38 1e+38 1e+38 1e+38 1e+38 1e+38 1e+38 1e+38 1e+38 1e+38 1e+38 1e+38 1e+38 1e+38 1e+38 1e+38 1e+38 1e+38 1e+38 1e+38 1e+38 1e+38 1e+38 1e+38 1e+38 1e+38 1e+38 1e+38 1e+38 1e+38 1e+38 1e+38 1e+38 1e+38 1e+38 1e+38 1e+38 1e+38 1e+38 1e+38 1e+38 1e+38 1e+38 1e+38 1e+38 1e+38 1e+38 1e+38 1e+38 1e+38 1e+38 1e+38 1e+38 1e+38 1e+38 1e+38 1e+38 1e+38 1e+38 1e+38 1e+38 1e+38 1e+38 1e+38 1e+38 1e+38 1e+38 1e+38 1e+38 1e+38 1e+38 1e+38 1e+38 1e+38 1e+38 1e+38 1e+38 1e+38 1e+38 1e+38 1e+38 1e+38 1e+38 1e+38 1e+38 1e+38 1e+38 1e+38 1e+38 1e+38 1e+38 1e+38 1e+38 1e+38 1e+38 1e+38 1e+38 1e+38 1e+38 1e+38 1e+38 1e+38 1e+38 1e+38 1e+38 1e+38 1e+38 1e+38 1e+38 1e+38 1e+38 1e+38 1e+38 1e+38 1e+38 1e+38 1e+38 1e+38 1e+38 1e+38 1e+38 1e+38 1e+38 1e+38 1e+38 1e+38 1e+38 1e+38 1e+38 1e+38 1e+38 1e+38 1e+38 1e+38 1e+38 1e+38 1e+38 1e+38 1e+38 1e+38 1e+38 1e+38 1e+38 1e+38 1e+38 1e+38 1e+38 1e+38 1e+38 1e+38 1e+38 1e+38 1e+38 1e+38 1e+38 1e+38 1e+38 1e+38 1e+38 1e+38 1e+38 1e+38 1e+38 1e+38 1e+38 1e+38 1e+38 1e+38 1e+38 1e+38 1e+38 1e+38 1e+38 1e+38 1e+38 1e+38 1e+38 1e+38 1e+38 1e+38 1e+38 1e+38 1e+38 1e+38 1e+38 1e+38 1e+38 1e+38 1e+38 1e+38 1e+38 1e+38 1e+38 1e+38 1e+38 1e+38 1e+38 1e+38 1e+38 1e+38 1e+38 1e+38 1e+38 1e+38 1e+38 1e+38 1e+38 1e+38 1e+38 1e+38 1e+38 1e+38 1e+38 1e+38 1e+38 1e+38 1e+38 1e+38 1e+38 1e+38 1e+38 1e+38 1e+38 1e+38 1e+38 1e+38 1e+38 1e+38 1e+38 1e+38 1e+38 1e+38 1e+38 1e+38 1e+38 1e+38 1e+38 1e+38 1e+38 1e+38 1e+38 1e+38 1e+38 1e+38 1e+38 1e+38 1e+38 1e+38 1e+38 1e+38 1e+38 1e+38 1e+38 1e+38 1e+38 1e+38 1e+38 1e+38 1e+38 1e+38 1e+38 1e+38 1e+38 1e+38 1e+38 1e+38 1e+38 1e+38 1e+38 1e+38 1e+38 1e+38 1e+38 1e+38 1e+38 1e+38 1e+38 1e+38 1e+38 1e+38 1e+38 1e+38 1e+38 1e+38 1e+38 1e+38 1e+38 1e+38 1e+38 1e+38 1e+38 1e+38 1e+38 1e+38 1e+38 1e+38 1e+38 1e+38 1e+38 1e+38 1e+38 1e+38 1e+38 1e+38 1e+38 1e+38 1e+38 1e+38 1e+38 1e+38 1e+38 1e+38 1e+38 1e+38 1e+38 1e+38 1e+38 1e+38 1e+38 1e+38 1e+38 1e+38 1e+38 1e+38 1e+38 1e+38 1e+38 1e+38 1e+38 1e+38 1e+38 1e+38 1e+38 1e+38 1e+38 1e+38 1e+38 1e+38 1e+38 1e+38 1e+38 1e+38 1e+38 1e+38 1e+38 1e+38 1e+38 1e+38 1e+38 1e+38 1e+38 1e+38 1e+38 1e+38 1e+38 1e+38 1e+38 1e+38 1e+38 1e+38 1e+38 1e+38 1e+38 1e+38 1e+38 1e+38 1e+38 1e+38 1e+38 1e+38 1e+38 1e+38 1e+38 1e+38 1e+38 1e+38 1e+38 1e+38 1e+38 1e+38 1e+38 1e+38 1e+38 1e+38 1e+38 1e+38 1e+38 1e+38 1e+38 1e+38 1e+38 1e+38 1e+38 1e+38 1e+38 1e+38 1e+38 1e+38 1e+38 1e+38 1e+38 1e+38 1e+38 1e+38 1e+38 1e+38 1e+38 1e+38 1e+38 1e+38 1e+38 1e+38 1e+38 1e+38 1e+38 1e+38 1e+38 1e+38 1e+38 1e+38 1e+38 1e+38 1e+38 1e+38 1e+38 1e+38 1e+38 1e+38 1e+38 1e+38 1e+38 1e+38 1e+38 1e+38 1e+38 1e+38 1e+38 1e+38 1e+38 1e+38 1e+38 1e+38 1e+38 1e+38 1e+38 1e+38 1e+38 1e+38 1e+38 1e+38 1e+38 1e+38 1e+38 1e+38 1e+38 1e+38 1e+38 1e+38 1e+38 1e+38 1e+38 1e+38 1e+38 1e+38 1e+38 1e+38 1e+38 1e+38 1e+38 1e+38 1e+38 1e+38 1e+38 1e+38 1e+38 1e+38 1e+38 1e+38 1e+38 1e+38 1e+38 1e+38 1e+38 1e+38 1e+38 1e+38 1e+38 1e+38 1e+38 1e+38 1e+38 1e+38 1e+38 1e+38 1e+38 1e+38 1e+38 1e+38 1e+38 1e+38 1e+38 1e+38 1e+38 1e+38 1e+38 1e+38 1e+38 1e+38 1e+38 1e+38 1e+38 1e+38 1e+38 1e+38 1e+38 1e+38 1e+38 1e+38 1e+38 1e+38 1e+38 1e+38 1e+38 1e+38 1e+38 1e+38 1e+38 1e+38 1e+38 1e+38 1e+38 1e+38 1e+38 1e+38 1e+38 1e+38 1e+38 1e+38 1e+38 1e+38 1e+38 1e+38 1e+38 1e+38 1e+38 1e+38 1e+38 1e+38 1e+38 1e+38 1e+38 1e+38 1e+38 1e+38 1e+38 1e+38 1e+38 1e+38 1e+38 1e+38 1e+38 1e+38 1e+38 1e+38 1e+38 1e+38 1e+38 1e+38 1e+38 1e+38 1e+38 1e+38 1e+38 1e+38 1e+38 1e+38 1e+38 1e+38 1e+38 1e+38 1e+38 1e+38 1e+38 1e+38 1e+38 1e+38 1e+38 1e+38 1e+38 1e+38 1e+38 1e+38 1e+38 1e+38 1e+38 1e+38 1e+38 1e+38 1e+38 1e+38 1e+38 1e+38 1e+38 1e+38 1e+38 1e+38 1e+38 1e+38 1e+38 1e+38 1e+38 1e+38 1e+38 1e+38 1e+38 1e+38 1e+38 1e+38 1e+38 1e+38 1e+38 1e+38 1e+38 1e+38 1e+38 1e+38 1e+38 1e+38 1e+38 1e+38 1e+38 1e+38 1e+38 1e+38 1e+38 1e+38 1e+38 1e+38 1e+38 1e+38 1e+38 1e+38 1e+38 1e+38 1e+38 1e+38 1e+38 1e+38 1e+38 1e+38 1e+38 1e+38 1e+38 1e+38 1e+38 1e+38 1e+38 1e+38 1e+38 1e+38 1e+38 1e+38 1e+38 1e+38 1e+38 1e+38 1e+38 1e+38 1e+38 1e+38 1e+38 1e+38 1e+38 1e+38 1e+38 1e+38 1e+38 1e+38 1e+38 1e+38 1e+38 1e+38 1e+38 1e+38 1e+38 1e+38 1e+38 1e+38 1e+38 1e+38 1e+38 1e+38 1e+38 1e+38 1e+38 1e+38 1e+38 1e+38 1e+38 1e+38 1e+38 1e+38 1e+38 1e+38 1e+38 1e+38 1e+38 1e+38 1e+38 1e+38 1e+38 1e+38 1e+38 1e+38 1e+38 1e+38 1e+38 1e+38 1e+38 1e+38 1e+38 1e+38 1e+38 1e+38 1e+38 1e+38 1e+38 1e+38 1e+38 1e+38 1e+38 1e+38 1e+38 1e+38 1e+38 1e+38 1e+38 1e+38 1e+38 1e+38 1e+38 1e+38 1e+38 1e+38 1e+38 1e+38 1e+38 1e+38 1e+38 1e+38 1e+38 1e+38 1e+38 1e+38 1e+38 1e+38 1e+38 1e+38 1e+38 1e+38 1e+38 1e+38 1e+38 1e+38 1e+38 1e+38 1e+38 1e+38 1e+38 1e+38 1e+38 1e+38 1e+38 1e+38 1e+38 1e+38 1e+38 1e+38 1e+38 1e+38 1e+38 1e+38 1e+38 1e+38 1e+38 1e+38 1e+38 1e+38 1e+38 1e+38 1e+38 1e+38 1e+38 1e+38 1e+38 1e+38 1e+38 1e+38 1e+38 1e+38 1e+38 1e+38 1e+38 1e+38 1e+38 1e+38 1e+38 1e+38 1e+38 1e+38 1e+38 1e+38 1e+38 1e+38 1e+38 1e+38 1e+38 1e+38 1e+38 1e+38 1e+38 1e+38 1e+38 1e+38 1e+38 1e+38 1e+38 1e+38 1e+38 1e+38 1e+38 1e+38 1e+38 1e+38 1e+38 1e+38 1e+38 1e+38 1e+38 1e+38 1e+38 1e+38 1e+38 1e+38 1e+38 1e+38 1e+38 1e+38 1e+38 1e+38 1e+38 1e+38 1e+38 1e+38 1e+38 1e+38 1e+38 1e+38 1e+38 1e+38 1e+38 1e+38 1e+38 1e+38 1e+38 1e+38 1e+38 1e+38 1e+38 1e+38 1e+38 1e+38 1e+38 1e+38 1e+38 1e+38 1e+38 1e+38 1e+38 1e+38 1e+38 1e+38 1e+38 1e+38 1e+38 1e+38 1e+38 1e+38 1e+38 1e+38 1e+38 1e+38 1e+38 1e+38 1e+38 1e+38 1e+38 1e+38 1e+38 1e+38 1e+38 1e+38 1e+38 1e+38 1e+38 1e+38 1e+38 1e+38 1e+38 1e+38 1e+38 1e+38 1e+38 1e+38 1e+38 1e+38 1e+38 1e+38 1e+38 1e+38 1e+38 1e+38 1e+38 1e+38 1e+38 1e+38 1e+38 1e+38 1e+38 1e+38 1e+38 1e+38 1e+38 1e+38 1e+38 1e+38 1e+38 1e+38 1e+38 1e+38 1e+38 1e+38 1e+38 1e+38 1e+38 1e+38 1e+38 1e+38 1e+38 1e+38 1e+38 1e+38 1e+38 1e+38 1e+38 1e+38 1e+38 1e+38 1e+38 1e+38 1e+38 1e+38 1e+38 1e+38 1e+38 1e+38 1e+38 1e+38 1e+38 1e+38 1e+38 1e+38 1e+38 1e+38 1e+38 1e+38 1e+38 1e+38 1e+38 1e+38 1e+38 1e+38 1e+38 1e+38 1e+38 1e+38 1e+38 1e+38 1e+38 1e+38 1e+38 1e+38 1e+38 1e+38 1e+38 1e+38 1e+38 1e+38 1e+38 1e+38 1e+38 1e+38 1e+38 1e+38 1e+38 1e+38 1e+38 1e+38 1e+38 1e+38 1e+38 1e+38 1e+38 1e+38 1e+38 1e+38 1e+38 1e+38 1e+38 1e+38 1e+38 1e+38 1e+38 1e+38 1e+38 1e+38 1e+38 1e+38 1e+38 1e+38 1e+38 1e+38 1e+38 1e+38 1e+38 1e+38 1e+38 1e+38 1e+38 1e+38 1e+38 1e+38 1e+38 1e+38 1e+38 1e+38 1e+38 1e+38 

grid_interconnection_limit_kwac
1
1
1
1
100000
hextrap_approp_uncert
1
1
1
1
0
hextrap_inputs_uncert
1
1
1
1
1.7
hextrap_sens_uncert
1
1
1
1
1.3
hextrap_uncert_total
1
1
1
1
2.14009
meas_atm_uncert
1
1
1
1
0.3
meas_data_uncert
1
1
1
1
0.3
meas_dir_uncert
1
1
1
1
0
meas_speed_uncert
1
1
1
1
2
meas_uncert_total
1
1
1
1
2.0445
ops_env_loss
1
1
1
1
1
ops_env_uncert
1
1
1
1
1.8
ops_grid_loss
1
1
1
1
0.84
ops_grid_uncert
1
1
1
1
1.22
ops_load_loss
1
1
1
1
0.99
ops_load_uncert
1
1
1
1
1.24
ops_loss_total
1
1
1
1
2.80347
ops_strategies_loss
1
1
1
1
0
ops_strategies_uncert
1
1
1
1
0
ops_uncert_total
1
1
1
1
2.5032
resource_adj_uncert
1
1
1
1
1
resource_datasyn_uncert
1
1
1
1
0
resource_definition_type
1
1
1
1
0
resource_dist_uncert
1
1
1
1
2
resource_period_uncert
1
1
1
1
2
resource_refdata_uncert
1
1
1
1
0
resource_uncert_total
1
1
1
1
3
rows
1
1
1
1
2
sensitivity_uncert
1
1
1
1
1.8
sizing_warning
1
1
1
1
0
specify_label
1
1
1
1
1
system_capacity
1
1
1
1
48000
total_10yr_uncert
1
1
1
1
12.0852
total_20yr_uncert
1
1
1
1
12.0852
total_uncert
1
1
1
1
12.085
turb_generic_loss
1
1
1
1
1.7
turb_generic_uncert
1
1
1
1
3.72
turb_hysteresis_loss
1
1
1
1
0.4
turb_hysteresis_uncert
1
1
1
1
1
turb_loss_total
1
1
1
1
3.9545
turb_perf_loss
1
1
1
1
1.1
turb_specific_loss
1
1
1
1
0.81
turb_specific_uncert
1
1
1
1
1.2
turb_subopt_uncert
1
1
1
1
2
turb_uncert_total
1
1
1
1
4.50315
ui_capital_cost_capacity
1
1
1
1
1695
ui_capital_cost_fixed
1
1
1
1
27405000
ui_cfin
1
1
1
1
1.0389
ui_cost_input_option
1
1
1
1
1
ui_crf
1
1
1
1
0.0832903
ui_fcr_input_option
1
1
1
1
1
ui_fixed_charge_rate
1
1
1
1
0.098
ui_ireal
1
1
1
1
0.0536585
ui_lbl_cff_msg
1
4
0
ui_operating_cost_capacity
1
1
1
1
51
ui_operating_cost_fixed
1
1
1
1
765000
ui_pfin
1
1
1
1
1.12684
ui_system_capacity
1
1
1
1
48000
ui_variable_operating_cost
1
1
1
1
0
ui_wacc
1
1
1
1
0.054439
use_specific_wf_wind
1
1
1
1
0
user_specified_wf_wind
1
4
1
 
variable_operating_cost
1
1
1
1
0
vextrap_comp_uncert
1
1
1
1
0
vextrap_inputs_uncert
1
1
1
1
1.5
vextrap_stress_uncert
1
1
1
1
0.8
vextrap_uncert_total
1
1
1
1
1.7
wake_ext_loss
1
1
1
1
1.1
wake_ext_uncert
1
1
1
1
1.1
wake_future_loss
1
1
1
1
0
wake_future_uncert
1
1
1
1
0
wake_int_loss
1
1
1
1
0
wake_int_uncert
1
1
1
1
2.8
wake_loss
1
1
1
1
11.02
wake_loss_total
1
1
1
1
1.1
wake_uncert_total
1
1
1
1
3.00832
weibull_k_factor
1
1
1
1
2
weibull_reference_height
1
1
1
1
50
weibull_wind_speed
1
1
1
1
7.25
wind.turbine.blade_design
1
1
1
1
1
wind.turbine.drive_train
1
1
1
1
0
wind.turbine.dummy
1
1
1
1
0
wind.turbine.elevation
1
1
1
1
0
wind.turbine.max_tip_speed
1
1
1
1
80
wind.turbine.max_tspeed_ratio
1
1
1
1
8
wind.turbine.name_only
1
4
1
0
wind.turbine.radio_list_or_design
1
1
1
1
0
wind.turbine.region2nhalf_slope
1
1
1
1
5
wind.turbine.tower_design
1
1
1
1
1
wind_climate.avg_wind_speed_closest_to_hub_ht
1
1
1
1
0
wind_climate.msg
1
4
0
wind_climate.msg_is_error
1
1
1
1
0
wind_climate.url_info
1
4
5
empty
wind_farm_num_turbines
1
1
1
1
32
wind_farm_sizing_mode
1
1
1
1
2
wind_farm_wake_model
1
1
1
1
0
wind_farm_xCoord_file
1
2
1
1
0
wind_farm_xCoordinates
1
2
1
32
0 616 1232 1848 2464 3080 3696 4312 0 616 1232 1848 2464 3080 3696 4312 0 616 1232 1848 2464 3080 3696 4312 0 616 1232 1848 2464 3080 3696 4312 

wind_farm_yCoord_file
1
2
1
1
0
wind_farm_yCoordinates
1
2
1
32
0 0 0 0 0 0 0 0 616 616 616 616 616 616 616 616 1232 1232 1232 1232 1232 1232 1232 1232 1848 1848 1848 1848 1848 1848 1848 1848 

wind_resource.city
1
4
6
city??
wind_resource.closest_dir_meas_ht
1
1
1
1
80
wind_resource.closest_speed_meas_ht
1
1
1
1
80
wind_resource.country
1
4
3
USA
wind_resource.description
1
4
80
Southern WY - flat lands (NREL AWS Truepower representative file),,,,,,,,,,,,,,,
wind_resource.elev
1
1
1
1
2088
wind_resource.file
1
4
26
WY Southern-Flat Lands.srw
wind_resource.lat
1
1
1
1
0
wind_resource.lat_requested
1
1
1
1
0
wind_resource.location
1
4
22
WY Southern-Flat Lands
wind_resource.location_id
1
4
6
loc_id
wind_resource.lon
1
1
1
1
0
wind_resource.lon_requested
1
1
1
1
0
wind_resource.requested_ht
1
1
1
1
80
wind_resource.state
1
4
2
WY
wind_resource.year
1
1
1
1
1900
wind_resource_distribution
1
3
16
3
3.1185 45 0.0344 
9.1355 45 0.0172 
15.1525 45 0.000457 
21.1695 45 0 
3.1185 135 0.0468 
9.1355 135 0.0591 
15.1525 135 0.0032 
21.1695 135 0.000114 
3.1185 225 0.0638 
9.1355 225 0.282 
15.1525 225 0.263 
21.1695 225 0.0487 
3.1185 315 0.0624 
9.1355 315 0.0974 
15.1525 315 0.0205 
21.1695 315 0.00103 

wind_resource_filename
1
4
0
wind_resource_model_choice
1
1
1
1
0
wind_resource_shear
1
1
1
1
0.14
wind_resource_turbulence_coeff
1
1
1
1
0.1
wind_turbine_IEC_Class_from_lib
1
4
3
IIa
wind_turbine_cut_out
1
1
1
1
25
wind_turbine_cutin
1
1
1
1
4
wind_turbine_hub_ht
1
1
1
1
80
wind_turbine_kw_rating
1
1
1
1
1500
wind_turbine_kw_rating_from_lib
1
1
1
1
1500
wind_turbine_kw_rating_input
1
1
1
1
1500
wind_turbine_max_cp
1
1
1
1
0.45
wind_turbine_powercurve_err_msg
1
4
0
wind_turbine_powercurve_hub_efficiency
1
2
1
1
0
wind_turbine_powercurve_powerout
1
2
1
161
0 0 0 0 0 0 0 0 0 0 0 0 0 0 21.32 33.51 45.69 65.21 79.83 104.25 128.66 157.97 187.27 216.58 250.78 292.32 333.85 375.4 426.72 475.6 534.27 597.81 656.49 724.94 798.29 871.63 940.08 1010 1060 1130 1190 1240 1290 1330 1370 1390 1410 1430 1440 1460 1470 1475 1480 1485 1490 1495 1500 1500 1500 1500 1500 1500 1500 1500 1500 1500 1500 1500 1500 1500 1500 1500 1500 1500 1500 1500 1500 1500 1500 1500 1500 1500 1500 1500 1500 1500 1500 1500 1500 1500 1500 1500 1500 1500 1500 1500 1500 1500 1500 1500 1500 0 0 0 0 0 0 0 0 0 0 0 0 0 0 0 0 0 0 0 0 0 0 0 0 0 0 0 0 0 0 0 0 0 0 0 0 0 0 0 0 0 0 0 0 0 0 0 0 0 0 0 0 0 0 0 0 0 0 0 0 

wind_turbine_powercurve_powerout_from_lib
1
2
1
161
0 0 0 0 0 0 0 0 0 0 0 0 0 0 21.32 33.51 45.69 65.21 79.83 104.25 128.66 157.97 187.27 216.58 250.78 292.32 333.85 375.4 426.72 475.6 534.27 597.81 656.49 724.94 798.29 871.63 940.08 1010 1060 1130 1190 1240 1290 1330 1370 1390 1410 1430 1440 1460 1470 1475 1480 1485 1490 1495 1500 1500 1500 1500 1500 1500 1500 1500 1500 1500 1500 1500 1500 1500 1500 1500 1500 1500 1500 1500 1500 1500 1500 1500 1500 1500 1500 1500 1500 1500 1500 1500 1500 1500 1500 1500 1500 1500 1500 1500 1500 1500 1500 1500 1500 0 0 0 0 0 0 0 0 0 0 0 0 0 0 0 0 0 0 0 0 0 0 0 0 0 0 0 0 0 0 0 0 0 0 0 0 0 0 0 0 0 0 0 0 0 0 0 0 0 0 0 0 0 0 0 0 0 0 0 0 

wind_turbine_powercurve_windspeeds
1
2
1
161
0 0.25 0.5 0.75 1 1.25 1.5 1.75 2 2.25 2.5 2.75 3 3.25 3.5 3.75 4 4.25 4.5 4.75 5 5.25 5.5 5.75 6 6.25 6.5 6.75 7 7.25 7.5 7.75 8 8.25 8.5 8.75 9 9.25 9.5 9.75 10 10.25 10.5 10.75 11 11.25 11.5 11.75 12 12.25 12.5 12.75 13 13.25 13.5 13.75 14 14.25 14.5 14.75 15 15.25 15.5 15.75 16 16.25 16.5 16.75 17 17.25 17.5 17.75 18 18.25 18.5 18.75 19 19.25 19.5 19.75 20 20.25 20.5 20.75 21 21.25 21.5 21.75 22 22.25 22.5 22.75 23 23.25 23.5 23.75 24 24.25 24.5 24.75 25 25.25 25.5 25.75 26 26.25 26.5 26.75 27 27.25 27.5 27.75 28 28.25 28.5 28.75 29 29.25 29.5 29.75 30 30.25 30.5 30.75 31 31.25 31.5 31.75 32 32.25 32.5 32.75 33 33.25 33.5 33.75 34 34.25 34.5 34.75 35 35.25 35.5 35.75 36 36.25 36.5 36.75 37 37.25 37.5 37.75 38 38.25 38.5 38.75 39 39.25 39.5 39.75 40 

wind_turbine_powercurve_windspeeds_from_lib
1
2
1
161
0 0.25 0.5 0.75 1 1.25 1.5 1.75 2 2.25 2.5 2.75 3 3.25 3.5 3.75 4 4.25 4.5 4.75 5 5.25 5.5 5.75 6 6.25 6.5 6.75 7 7.25 7.5 7.75 8 8.25 8.5 8.75 9 9.25 9.5 9.75 10 10.25 10.5 10.75 11 11.25 11.5 11.75 12 12.25 12.5 12.75 13 13.25 13.5 13.75 14 14.25 14.5 14.75 15 15.25 15.5 15.75 16 16.25 16.5 16.75 17 17.25 17.5 17.75 18 18.25 18.5 18.75 19 19.25 19.5 19.75 20 20.25 20.5 20.75 21 21.25 21.5 21.75 22 22.25 22.5 22.75 23 23.25 23.5 23.75 24 24.25 24.5 24.75 25 25.25 25.5 25.75 26 26.25 26.5 26.75 27 27.25 27.5 27.75 28 28.25 28.5 28.75 29 29.25 29.5 29.75 30 30.25 30.5 30.75 31 31.25 31.5 31.75 32 32.25 32.5 32.75 33 33.25 33.5 33.75 34 34.25 34.5 34.75 35 35.25 35.5 35.75 36 36.25 36.5 36.75 37 37.25 37.5 37.75 38 38.25 38.5 38.75 39 39.25 39.5 39.75 40 

wind_turbine_rated_wind_speed
1
1
1
1
1500
wind_turbine_rotor_diameter
1
1
1
1
77
wind_turbine_rotor_diameter_from_lib
1
1
1
1
77
wind_turbine_rotor_diameter_input
1
1
1
1
75
wind_turbine_selection
1
4
9
GE 1.5sle
windfarm.farm.layout_angle
1
1
1
1
0
windfarm.farm.layout_slider
1
1
1
1
91
windfarm.farm.number_of_rows
1
1
1
1
4
windfarm.farm.offset
1
1
1
1
0
windfarm.farm.offset_type
1
1
1
1
0
windfarm.farm.row_spacing
1
1
1
1
8
windfarm.farm.shape
1
1
1
1
0
windfarm.farm.turbine_spacing
1
1
1
1
8
windfarm.farm.turbines_per_row
1
1
1
1
8
windfarm.layout.file_or_controls
1
1
1
1
1
wspd_uncert
1
1
1
1
9.10558
