0
0
0
0
0
0
0
30.77
1580.31
9483.73
11985.1
14298.3
15380.7
13473.6
6991.73
3232.36
1422.61
34.4523
0
0
0
0
0
0
0
0
0
0
0
0
0
275.528
4955.3
8087.03
10223.1
14312.8
12892.4
10200.6
11378.4
5067.11
1754.82
0
0
0
0
0
0
0
0
0
0
0
0
0
0
213.957
5173.84
9152.61
12268.4
13479.9
13137.8
10339.7
3771.36
1775.5
489.202
0
0
0
0
0
0
0
0
0
0
0
0
0
0
24.1399
951.711
2412.66
1836.38
6537.75
10388.4
10353.9
4601.61
3595.94
1507.97
0
0
0
0
0
0
0
0
0
0
0
0
0
0
0
178.247
403.388
1026.86
1100.64
3010.37
3257.25
2263.3
1160.09
254.088
0
0
0
0
0
0
0
0
0
0
0
0
0
0
55.0194
1401.44
2167.62
9537.86
13253.3
13913.9
13208.6
11214.4
9008.3
3567.75
292.697
0
0
0
0
0
0
0
0
0
0
0
0
0
12.0613
1607.97
7662.94
10086.8
12826.4
11131.4
11379.7
9687.14
7074.78
1572.82
31.2629
0
0
0
0
0
0
0
0
0
0
0
0
0
93.8955
3637.22
7310.99
10073.7
13004.9
13337.9
12491.5
10765.3
7030.86
3179.19
38.9298
0
0
0
0
0
0
0
0
0
0
0
0
0
137.857
4095.79
7992.58
11920.5
13511.2
14116.6
12936.7
12047.9
8952.5
3898.73
292.44
0
0
0
0
0
0
0
0
0
0
0
0
0
167.987
4549.54
8633.37
11671
12853.9
14259.7
13789.9
12532.7
7730.13
2965.32
322.314
0
0
0
0
0
0
0
0
0
0
0
0
0
0
805.668
1513.38
3308.09
6466.98
7451.33
6813.07
3592.89
3286.35
1761.17
212.964
0
0
0
0
0
0
0
0
0
0
0
0
0
214.946
4693.53
8750.43
12181.1
13721.8
14776.7
14786.7
13038.7
10008.6
4865.85
458.803
0
0
0
0
0
0
0
0
0
0
0
0
0
521.482
5006.3
9131.95
11933.3
14389.4
15053.6
14426.2
12726.7
7465.5
3767.92
1025.46
0
0
0
0
0
0
0
0
0
0
0
0
0
401.977
4726.26
8931.05
12284.4
14046
14707.7
14282.3
12316.1
9751.32
5607.65
1139.8
0
0
0
0
0
0
0
0
0
0
0
0
0
9.85365
1201.64
3157.85
4922.92
5376.71
4707.81
3703.18
3247.1
2469.72
1227.28
0
0
0
0
0
0
0
0
0
0
0
0
0
0
0
1082.46
4159.87
5982.79
10854.3
14235.7
12902.5
11271
9343.47
4026.62
671.537
0
0
0
0
0
0
0
0
0
0
0
0
0
0
454.762
1855.7
3937.96
3863.16
3785.48
6278.62
6665.15
1751.1
106.842
0
0
0
0
0
0
0
0
0
0
0
0
0
0
0
180.834
843.197
1818.51
2527.26
4878.41
3090.3
2308.16
3709.42
567.972
167.158
0
0
0
0
0
0
0
0
0
0
0
0
0
188.252
4888.7
8929.02
12400.9
14491.5
15400.9
14550.8
13633.2
10542.3
5140.63
959.036
0
0
0
0
0
0
0
0
0
0
0
0
0
365.673
4907.14
9617.08
13188.3
14843.4
15919.1
15907.9
14081.5
11140.5
5357.58
928.844
0
0
0
0
0
0
0
0
0
0
0
0
0
0
3621.46
9632.15
13109.9
14294.7
15301.5
14297
13192.1
10354.1
5156.43
901.697
0
0
0
0
0
0
0
0
0
0
0
0
0
409.267
5124.34
9881.34
13508.1
15579.4
16150.2
15823.7
14263.1
11197.7
5559.07
1021.3
0
0
0
0
0
0
0
0
0
0
0
0
0
452.251
5321.12
9879.07
13258
14956.9
15174.9
15062.5
13337.2
10601.3
5128.64
833.261
0
0
0
0
0
0
0
0
0
0
0
0
0
772.942
5221.09
9833.13
12855.1
14700.7
15496.4
14919.2
13733.8
10672
6590.89
1791.38
0
0
0
0
0
0
0
0
0
0
0
0
0
484.96
5455.91
9963.82
9978.09
15863.6
16399.3
15954.3
14395.9
10682
5835.02
1164.01
0
0
0
0
0
0
0
0
0
0
0
0
0
511.239
5081.11
9493.95
12395.4
14244.3
15270.4
15112.9
13254.1
10852.5
3935.71
1151.91
0
0
0
0
0
0
0
0
0
0
0
0
0
111.874
4016.51
6927.32
11514.5
11515.3
14507.6
13502.1
8774.1
4430.01
1764.97
263.657
0
0
0
0
0
0
0
0
0
0
0
0
0
27.7752
1929.29
7305.97
14053.1
15005.2
13906.5
10036.8
11928.4
8507.7
4417.64
1188.38
0
0
0
0
0
0
0
0
0
0
0
0
0
324.608
4747.75
9153.35
12404.6
13935.6
14865.8
14239.2
12411.2
8999.2
3824.89
309.833
0
0
0
0
0
0
0
0
0
0
0
0
0
196.353
5006.94
9267.64
11855
13439.2
15288.6
14861
13538
10566.2
5814.45
1768.91
0
0
0
0
0
0
0
0
0
0
0
0
0
583.548
4538.73
9116.34
11692.3
11622.6
9246.14
9925.01
11331.8
5463.64
2462.3
979.504
0
0
0
0
0
0
0
0
0
0
0
0
0
711.996
5087.29
9644.78
12697.2
14408
15312.7
14806.8
13660.2
10609.4
6569.07
1897.79
0
0
0
0
0
0
0
0
0
0
0
0
0
912.663
5452.46
9973.1
13075.2
15021.5
15756.6
14964.7
13605.8
10772.4
6935.02
2166.5
0
0
0
0
0
0
0
0
0
0
0
0
0
645.051
3716.24
9388.96
12718.7
9454.73
14829.9
12513.3
5009.95
6467.92
1516.31
565.201
0
0
0
0
0
0
0
0
0
0
0
0
0
458.058
4085.19
8132.82
10455.6
12095
9709.94
8846.25
3650.98
2884.38
1686.8
315.799
0
0
0
0
0
0
0
0
0
0
0
0
0
685.672
4067.92
8356.7
12696.9
13501.4
14257.4
15634
12697.1
10818.7
6933.26
1719.46
0
0
0
0
0
0
0
0
0
0
0
0
0
609.079
4347.23
8518.44
11899
14183.6
15228.1
14712.4
13389.7
9675.06
4739.43
1243.8
0
0
0
0
0
0
0
0
0
0
0
0
0
795.905
3123.2
4554.1
4124.21
5115.42
6089.92
7557.73
6806.73
6839.02
3584.13
791.795
0
0
0
0
0
0
0
0
0
0
0
0
0
820.029
5005
9687.77
12725.5
14677.9
14986.6
14735.3
13745.3
10790.5
6883.53
2169.99
0
0
0
0
0
0
0
0
0
0
0
0
0
750.961
5308.33
10019.5
13261
15013.5
15463.8
11670.1
4291.68
2572.68
2376.22
868.276
0
0
0
0
0
0
0
0
0
0
0
0
0
704.917
3785.52
9653.47
12452.3
10128.5
13988.9
13916
12040.5
11139.1
4331.87
2205.2
0
0
0
0
0
0
0
0
0
0
0
0
0
923.283
5113.7
9280.77
12176.9
14459.3
14933.5
15225.9
13733
10969.3
7028.28
2281.05
0
0
0
0
0
0
0
0
0
0
0
0
0
927.956
4874.08
9578.69
10863
13263.5
14248.8
9489.99
7645.07
9490.59
5433.86
2017.96
0
0
0
0
0
0
0
0
0
0
0
0
0
670.377
4166.02
4721.88
2904.02
11641.3
7060.61
4382.17
6624.62
4938.16
2683.93
435.95
0
0
0
0
0
0
0
0
0
0
0
0
0
178.87
705.944
1606.26
4048.83
4853.02
9171.8
6916.57
11302
8487.98
5434.87
1137.26
0
0
0
0
0
0
0
0
0
0
0
0
0
325.496
989.351
3269.41
4015.35
2774.05
6213.54
5618.72
4939.64
3994.37
3142.25
447.11
0
0
0
0
0
0
0
0
0
0
0
0
0
518.755
2436.43
6668.66
12312
13077.7
16268.4
15641.7
13964.7
10865.6
6570.1
1900.57
0
0
0
0
0
0
0
0
0
0
0
0
0
1032.29
5627.35
10353.4
12951
15500.3
15677.4
15179.7
14139.5
11688
7275.51
2489.57
0
0
0
0
0
0
0
0
0
0
0
0
0
1146.5
5661.5
9802.69
13537
15117.2
16052.8
15198.3
14197.9
11601.5
7457.65
2577.11
0
0
0
0
0
0
0
0
0
0
0
0
0
1403.47
6184.61
10624.7
14311.3
15880.4
16283
15648
14150.7
11822
7809.73
2623.04
54.703
0
0
0
0
0
0
0
0
0
0
0
0
590.899
5361.24
10142.2
11180.4
14498.1
14266
13683.3
12562
10833.3
7448.78
2300.86
24.987
0
0
0
0
0
0
0
0
0
0
0
0
566.202
5452.16
8745.12
13184.8
14318.9
16801
17480.1
15529.4
6367.93
2638.94
1119.01
25.3209
0
0
0
0
0
0
0
0
0
0
0
0
1509.05
6177.5
11255.8
14287.1
16608.8
17262.2
16901.9
15036
11831.8
8127.4
3088.79
64.4012
0
0
0
0
0
0
0
0
0
0
0
0
1504.48
6382.02
10854.2
14134.5
15972.8
16244
15975.3
14837.2
11945.7
7849.33
3019.85
76.8058
0
0
0
0
0
0
0
0
0
0
0
0
1587.22
6346.33
10670
12921.3
15724.6
16118.9
14605.6
14174.7
11316.8
7370.12
3004.6
99.1189
0
0
0
0
0
0
0
0
0
0
0
0
781.87
3104.55
9093.11
11701.2
11568.8
14596
14932
12849
9989.87
5877.37
1485.18
0
0
0
0
0
0
0
0
0
0
0
0
0
1061.97
4911.35
9490.77
12011.7
15303.2
15835.9
15152.5
13383.1
10816.7
6889.36
2356.73
61.5671
0
0
0
0
0
0
0
0
0
0
0
0
1541.62
6252.62
10783.5
11470.5
13199.7
14397
12699.6
11272.9
8260.92
6317.79
2028.52
98.4737
0
0
0
0
0
0
0
0
0
0
0
0
1112.04
5510.88
9761.86
12937.4
14669.6
14784
14309.7
12882.3
10703.7
6747.56
2394.93
75.4703
0
0
0
0
0
0
0
0
0
0
0
0
612.796
3064.91
4047.56
11847.7
11285.5
7549.4
6852.52
7762.29
7307.35
5005.67
1997.53
159.293
0
0
0
0
0
0
0
0
0
0
0
0
249.497
1747.75
2083.32
2574.25
5314.74
5429.29
11448.4
12151
8512.07
4193.41
1934.74
106.969
0
0
0
0
0
0
0
0
0
0
0
0
473.844
2755.05
4460.44
9354.3
13907.3
15123
13726.5
14150.5
11531.1
7340.85
2615.44
93.065
0
0
0
0
0
0
0
0
0
0
0
0
1853.62
6583.5
11050.6
14208.5
15872.8
16651.3
16445.5
14951.1
12145.7
8088.17
3293.56
253.799
0
0
0
0
0
0
0
0
0
0
0
0
1758.52
6652.89
10955.4
13981.9
15318.1
16210.4
15719.7
14061.5
11545.4
7705.51
3020.14
220.67
0
0
0
0
0
0
0
0
0
0
0
0
1633.01
6345.76
10660.5
13620.7
15327.1
16203.1
15796.9
13404
10655.2
6939.98
2342.43
202.096
0
0
0
0
0
0
0
0
0
0
0
0
1747.73
6466.3
10267.5
13495.7
15070.9
15645.8
15628.8
13579.7
9665.55
6479.98
2821.87
230.691
0
0
0
0
0
0
0
0
0
0
0
0
250.219
1234.7
1652.69
3089.1
3433.93
3587.15
6979.77
3013.51
2552.32
1685.26
642.565
32.9748
0
0
0
0
0
0
0
0
0
0
0
0
464.742
2390.5
2256.46
3399.51
6298.8
12709.9
14723.4
12123.4
2694.09
2825.78
2333.96
150.853
0
0
0
0
0
0
0
0
0
0
0
0
2033.76
6699.52
11254.1
13788.2
15689.4
16668
16328.5
14542.7
11834.1
7965.36
3224.05
287.524
0
0
0
0
0
0
0
0
0
0
0
0
1688.88
6256.02
10507.1
13457.1
14217.1
15091.4
13952.2
12173.8
9566.54
6762.97
1862.84
254.15
0
0
0
0
0
0
0
0
0
0
0
8.34805
1298.85
4202.06
8665.15
11845
13486.3
14150.3
15665.8
12432.2
10340.5
6902.42
1636.53
304.263
0
0
0
0
0
0
0
0
0
0
0
31.6076
2086.15
6632.75
9974.44
12260.8
13103.4
14699.8
12241
13377
10970.1
7596.19
3087
280.563
0
0
0
0
0
0
0
0
0
0
0
0
1858.95
6353.97
10096.7
12855.2
15006.8
15537
15075.9
12752.5
11081.6
6950.76
2771.31
282.89
0
0
0
0
0
0
0
0
0
0
0
48.3755
2268.66
7030.2
11051
13828
15609.6
15707.6
15818.8
14161.2
11409.1
7656.04
3148.32
322.935
0
0
0
0
0
0
0
0
0
0
0
45.3194
2061.95
6581.15
10669.9
13545.9
15017.6
15533.8
14941.4
13736.4
10892.3
7367.56
2651.87
262.138
0
0
0
0
0
0
0
0
0
0
0
59.4548
1952.95
6170.72
9545.4
12742.9
13412.2
14822.3
14315.2
13351.2
10276.6
6873.43
2689.3
255.37
0
0
0
0
0
0
0
0
0
0
0
122.862
1781.54
4810.44
9442.17
12729.5
11848.9
14248.9
12425.3
11867.7
7221.5
5744.22
1843.39
284.59
0
0
0
0
0
0
0
0
0
0
0
69.9218
606.572
964.263
1970.69
6420.33
10940.6
3721.85
4751.58
6214.4
3545.37
4170.03
1556.84
258.577
0
0
0
0
0
0
0
0
0
0
0
0
369.141
1945.6
4155.96
5199.16
5734.3
6337.66
6314.28
7070.02
5018.35
6041.7
2051.33
185.234
0
0
0
0
0
0
0
0
0
0
0
128.833
1133.16
4902.46
9062.27
14636.3
13671.1
17047.2
16106.2
13643.9
10902.7
6929.75
2993.12
348.191
0
0
0
0
0
0
0
0
0
0
0
156.208
2461.12
7135.87
10905.4
12894.3
15591.7
15044.7
13863.6
14046.8
11143.8
7825.9
3190.4
287.517
0
0
0
0
0
0
0
0
0
0
0
206.402
2237.31
6388.14
10496.7
12260.1
15575.8
15248.2
11702
7525.69
7965.28
4279.55
2622.7
322.29
0
0
0
0
0
0
0
0
0
0
0
159.017
2561.67
7221.19
10995.5
13974.2
14424.2
16041.8
15740.6
14071.3
11416.4
7630.63
3134.65
292.874
0
0
0
0
0
0
0
0
0
0
0
174.947
2383.44
6860.99
10803
13461.1
14968.4
15463.9
15072.9
13563.7
10984.8
6897.48
2570.62
276.585
0
0
0
0
0
0
0
0
0
0
0
127.385
1689.36
5027.51
4199.43
10026.1
4769.58
10209.5
16301.3
12878.4
11248.7
7463.14
3158.65
289.235
0
0
0
0
0
0
0
0
0
0
0
292.133
2526.51
7150.51
10973.2
13044.4
14753
15592.8
15709.2
14145.3
11627.6
7155.43
3033.44
280.177
0
0
0
0
0
0
0
0
0
0
0
205.819
2706.13
7365.55
11057.3
13890.5
15760.7
16242.5
15372.3
13916.7
11034.7
7596.24
3052.94
293.099
0
0
0
0
0
0
0
0
0
0
0
171.131
2804.28
7421.13
11278.1
14010.2
15799.1
15938.3
15223
12907
10659.5
6666.94
2888.35
341.567
0
0
0
0
0
0
0
0
0
0
0
234.5
2629.02
6859.25
10489.3
12888.6
14198
15508.7
14762.5
12723.1
9022.92
5749.18
2798.51
317.198
0
0
0
0
0
0
0
0
0
0
0
235.805
2759.19
7377.47
11476.1
14338.9
15964.2
16704.1
16270.8
14631.1
11647.8
7693.38
3066.8
301.468
0
0
0
0
0
0
0
0
0
0
0
208.875
2900.47
7329.27
10987.8
13288.9
15089.4
15278.4
14600.9
13254.2
10801.5
7207.19
2965.21
260.032
0
0
0
0
0
0
0
0
0
0
0
292.733
2743.62
7221.15
10927.3
13495.1
14893.2
15310.2
14732
13361.5
10739.4
7053.92
2608.18
296.946
0
0
0
0
0
0
0
0
0
0
0
286.399
2747.62
7126.11
10822.8
13271.6
15025.2
15718.1
15371.4
13740
11027.5
7103.93
2866.46
309.253
0
0
0
0
0
0
0
0
0
0
0
205.383
3050.07
7655.11
11577.1
14424.8
15932.7
16531
15716.2
13516.8
10126.2
5888.82
2264.49
453.502
0
0
0
0
0
0
0
0
0
0
0
218.174
3119.26
7803.32
11648.9
14188.2
15397.7
16103.5
15456.7
12906.8
9557.93
5812.84
2943.15
439.211
0
0
0
0
0
0
0
0
0
0
0
349.655
2736.07
7397.02
11490
13985.9
15421.4
15763.9
15263.4
13733.8
10912
7210.74
2919.06
284.693
0
0
0
0
0
0
0
0
0
0
0
227.821
3182.44
7822.2
11565.9
13994
15481.3
15843
15281.1
13776
10813.6
6533.31
2576.91
400.931
0
0
0
0
0
0
0
0
0
0
0
383.51
3122.13
7369.27
10477.9
13199.9
14766.5
15306.7
14674.7
13349.5
10741.5
7028.21
2821.89
310.672
0
0
0
0
0
0
0
0
0
0
0
337.336
2691.5
6141.24
9596.04
10783.2
10861.8
11728.8
11213.4
10527.2
9190.57
6174.54
2586.84
279.383
0
0
0
0
0
0
0
0
0
0
0
453.836
2665.6
7560.17
11251.6
13615.9
15300.7
15915.7
15441.1
13804.2
11065.8
7301.85
2932.87
288.362
0
0
0
0
0
0
0
0
0
0
0
311.481
3190.76
7671.34
11281.9
13722.9
15414.6
15984.5
15540.4
14015.9
11284.1
7456.74
2985.63
287.359
0
0
0
0
0
0
0
0
0
0
0
354.173
3166.97
7601.75
11266.9
13677.9
15088.6
15579.8
14995.3
13602.9
10956.1
7176.71
2868.67
320.968
0
0
0
0
0
0
0
0
0
0
0
335.411
3263.53
7693.83
11127.6
12950.5
14182.1
14508.3
13918.7
13112.9
10837.3
7195.01
2913.74
286.983
0
0
0
0
0
0
0
0
0
0
0
333.263
3203.42
6002.42
11036.3
13151.7
10243.9
10180.9
10940.1
7488.37
5065.19
3921.19
1840.94
451.043
0
0
0
0
0
0
0
0
0
0
0
419.466
2236.56
6999.88
6236.08
9880.75
13425.4
14688.7
14409.2
12439
9863.63
6452.15
2837.49
405.416
0
0
0
0
0
0
0
0
0
0
0
367.806
3182.23
7322.05
10965.3
13370
14709.7
14901.9
14411.5
13036.9
9238.45
3860.15
1332.15
318.257
0
0
0
0
0
0
0
0
0
0
0
372.76
3224.97
7532.1
11165.1
13682.1
15120.3
15612.3
15079.7
13594.6
10816
7005.79
2714.23
385.122
0
0
0
0
0
0
0
0
0
0
0
342.159
3334.18
7784.09
11606.3
14356.9
16022.7
16611.1
16008.8
14290.5
11296.6
7380.63
3012.77
295.554
0
0
0
0
0
0
0
0
0
0
0
426.973
3356.08
7182.19
8225.56
8296.91
13435.7
15868.6
14953.3
11067.9
6310.22
3209.64
1966.03
383.2
0
0
0
0
0
0
0
0
0
0
0
279.422
3599.7
8212.9
11981.9
14466.5
15730.4
16323.8
15461.4
12845.6
8541.66
5240.21
2816.28
277.772
0
0
0
0
0
0
0
0
0
0
0
515.006
3083.34
5518.76
6207.01
8572.31
10943.2
13026.9
13034.3
11331.7
8450.77
6738.93
2759.48
353.504
0
0
0
0
0
0
0
0
0
0
0
349.371
3654.72
8277.1
11749.8
13862.8
14894.1
15223.8
14870.8
13377.1
9026.8
4655.93
2312.45
498.612
0
0
0
0
0
0
0
0
0
0
0
405.082
3578.94
7942.07
11262.9
13202.2
14480.7
13780.2
12607.3
10664.6
7664.39
6003.44
2904.45
382.878
0
0
0
0
0
0
0
0
0
0
0
621.253
3539.93
8026.07
11375.8
13626.1
14606.3
15309.5
12799.9
10873.8
10206.8
5952.75
2742.19
331.688
0
0
0
0
0
0
0
0
0
0
0
494.057
3454.47
7705.45
11174.7
13351.9
14798.4
15288
14744.9
13213
10503.6
6807.81
2740.31
312.329
0
0
0
0
0
0
0
0
0
0
0
441.308
3577.99
7953.48
11499.8
13855.2
15162.8
15371.6
14648.2
13156
10559.7
6966.92
2804.98
369.091
0
0
0
0
0
0
0
0
0
0
0
500.012
3557.93
7525.36
11068.3
13664
14063.8
11319.1
10563.1
10979.4
9619.14
5772.69
2717.56
489.573
0
0
0
0
0
0
0
0
0
0
11.2256
528.367
3668.49
7986.17
11423.5
14038.8
15021.9
15283.7
13558
11343.8
8794.03
5219.01
2173.35
414.448
0
0
0
0
0
0
0
0
0
0
56.7705
342.171
3630.88
8001.74
11564.9
14052.4
15328.7
15569.9
14814
13256.9
10652.8
7039.83
2817.96
347.407
0
0
0
0
0
0
0
0
0
0
46.1121
400.833
3646.73
7986.89
11467.8
13842.3
15028.2
15228.7
14470.5
13030.5
10493.8
6927.94
2770.31
361.212
0
0
0
0
0
0
0
0
0
0
50.2528
518.393
3575.52
7807.6
11244
13685.8
13922.1
15163.4
13529.7
12604.8
9943.65
6520.7
2685.11
548.723
0
0
0
0
0
0
0
0
0
0
32.4538
758.058
3556.25
7908.52
10389.9
12207.4
13253.1
13943.9
13146.9
9133.47
9155.84
5946.02
2721.71
456.929
0
0
0
0
0
0
0
0
0
0
29.7872
612.616
3515.9
7625.24
10991.1
13261.4
14615.4
14936.1
14248.5
12744.9
10178.9
6643.71
2706
478.557
0
0
0
0
0
0
0
0
0
0
113.495
448.87
3600.03
7767.28
11074.9
13350.2
14764.1
15169.5
14619.5
13022.5
10405.1
6840.61
2736.36
386.318
0
0
0
0
0
0
0
0
0
0
39.2597
651.544
3417.18
7205.27
10528.9
12886.1
13244.5
14168.4
7721.05
10736.9
9987.3
6453.25
2704.05
703.471
0
0
0
0
0
0
0
0
0
0
139.713
470.135
3630.07
7815.57
11235.2
13637.5
15149.5
15661.2
15134
13484.7
10781.1
7075.54
2821.75
425
0
0
0
0
0
0
0
0
0
0
157.127
591.763
3867.77
7824.18
10817.1
13094.2
12483.6
15624.6
13133.7
12069.1
9853.28
5531.13
2621.4
771.021
0
0
0
0
0
0
0
0
0
0
43.9282
1056.2
3559.05
7285.65
10715.1
11810
14656.1
12403.9
13814.3
7887.13
6726.75
4270.46
2429.97
840.817
0
0
0
0
0
0
0
0
0
0
124.395
646.73
3004.7
8033.32
11184.6
12885
14626.7
13627.1
13787.2
12126.2
9981.59
4570.97
2547.45
663.088
0
0
0
0
0
0
0
0
0
0
106.873
998.716
3165.3
6654.74
10936.3
13014.6
14311.6
14674.9
14201.3
12859.9
10384.1
6939.95
2769.39
443.355
66.7041
0
0
0
0
0
0
0
0
0
64.3526
908.476
3807.48
7575.89
10667.6
12001.4
12494.4
13591.7
10789.8
11225.1
5562.96
4651.86
2222.16
702.07
0
0
0
0
0
0
0
0
0
0
63.7052
1020.35
2639.51
6620.48
8498.83
8778.99
10798.2
13366.3
14728.9
13110.7
10320.7
6132.45
2732.46
592.247
0
0
0
0
0
0
0
0
0
0
148.654
661.741
3681.86
7442.55
9236.62
12508.9
14280.4
14691.8
13845.6
12921.1
9961.9
6690.52
2944.25
758.834
5.75378
0
0
0
0
0
0
0
0
0
83.4807
1013.62
3635.6
7235.02
9635.62
13126.7
14198
14474.4
14552.8
12958.7
10274.9
6656.67
2763.7
648.571
0
0
0
0
0
0
0
0
0
0
177.527
656.351
3701.79
7812.47
11193.9
13302.2
14594.6
14866.4
14240.3
12858.1
10256.6
6765.35
2806.75
571.631
23.6973
0
0
0
0
0
0
0
0
0
303.113
487.488
3758.75
7970.01
11329.4
13609
14872
15216.9
14497.1
13008.3
10487.7
6931.16
2788.53
485.795
128.395
0
0
0
0
0
0
0
0
0
159.24
734.369
3658.08
7607.99
10904.4
13251.5
14548.9
14829.3
14135.9
12595.7
10066.1
6602.35
2776.42
575.46
0
0
0
0
0
0
0
0
0
0
274.593
746.82
3733.12
7421.4
11139
13117.7
14447.2
12444.6
13484.8
11454.4
10082.1
6623
2607.66
716.86
49.0026
0
0
0
0
0
0
0
0
0
156.779
818.538
3539.3
7356.96
10569.8
12693.5
13986.5
14261.8
13702.7
12135.9
9625.23
6304.25
2687.86
665.953
29.0564
0
0
0
0
0
0
0
0
0
265.135
966.817
3714.23
6615.03
8197.08
12233.3
12342.6
14126.2
13239.3
11331.1
9479.42
6451.44
2482.1
465.772
141.484
0
0
0
0
0
0
0
0
0
189.937
740.879
3568.03
7356.92
10576.6
12669.6
14065.7
14535.6
14028.3
12430
9900.38
6452.27
2750.36
619.167
54.9481
0
0
0
0
0
0
0
0
0
244.677
563.94
3537.53
7603.22
11287.8
14073.5
15309.2
15343.1
14668.4
13016.6
10354.2
6820.89
2850.16
546.371
140.058
0
0
0
0
0
0
0
0
0
251.821
514.701
3685.03
7828.22
11086.1
13257.1
14633.4
15053
14548.1
12924.9
10375.1
6884.65
2834.6
513.168
95.5204
0
0
0
0
0
0
0
0
0
261.844
815.307
3627.07
7466.31
10732.4
12905.2
14183.2
14512.3
13853.2
12604.8
10180.2
6686.71
2852.93
693.463
26.1353
0
0
0
0
0
0
0
0
0
282.506
480.155
3582.68
7622.25
10828
12796.9
14166
14715
14207.7
12641.1
10162.1
6727.2
2768.89
486.793
125.98
0
0
0
0
0
0
0
0
0
282.551
517.694
3573.96
7560.93
10746.7
12827.9
13960.2
14220.1
13559.4
12172.9
9794.28
6524.36
2715.48
496.846
110.316
0
0
0
0
0
0
0
0
0
264.118
539.008
3553.93
7495.23
10587.2
12596.1
13833.9
14221
13642.4
12203.6
9833.7
6518.92
2715.87
466.899
126.729
0
0
0
0
0
0
0
0
0
274.216
432.803
3516.67
7420.08
10500.8
12549.6
13794.8
14135.2
13662.3
12088.7
9664.42
6404.51
2706.34
435.276
142.013
0
0
0
0
0
0
0
0
0
366.351
1030.84
3505.37
6982.52
8476.25
12998
13250.1
13425.4
13496.7
12075.7
9692.84
6434.4
2695.93
468.16
142.981
0
0
0
0
0
0
0
0
0
303.457
680.027
3438.97
7231.39
10393.4
12569
13941.8
14168
13818.6
12312.2
9843.75
6476.89
2772.56
600.518
152.859
0
0
0
0
0
0
0
0
0
305.949
444.393
3513.29
7457.05
10604.5
12726.6
13945.7
14212
13621.2
12297.2
9948.2
6643.61
2800.99
446.168
173.54
0
0
0
0
0
0
0
0
0
337.138
690.316
3426.26
7279.08
10533
12782.6
13615.6
14749.3
14016.6
12136.9
9903.62
6606.97
2844.17
609.051
186.949
0
0
0
0
0
0
0
0
0
346.573
445.817
3505.47
7423.03
10737.3
12980.4
14114.2
14604.7
14114.4
11756.3
10107.7
7194.85
3080.27
730.06
147.069
0
0
0
0
0
0
0
0
0
324.633
509.543
3434.12
7297.83
10373.9
12646.1
13780.7
14175.7
13716.3
12428.5
9902.54
6750.34
2903.63
485.179
189.296
0
0
0
0
0
0
0
0
0
245.228
806.844
3509.95
7244.57
10435.7
12473.8
13872.3
14102.1
13551.2
11742.3
9611.73
6545.78
2906.98
736.112
135.568
0
0
0
0
0
0
0
0
0
304.528
691.16
3282.9
7009.93
9965.03
12425.7
13510.7
13490.7
13010.3
12013.7
9716.19
6577.47
2817.89
948.432
120.675
0
0
0
0
0
0
0
0
0
239.239
1158.6
3540
6633.2
9759.43
11194
10755.1
13334.2
12603.6
9322.24
7729.26
3329.66
1845.29
736.22
95.4313
0
0
0
0
0
0
0
0
0
278.852
1008.23
3683.26
6217.49
10147.2
11384.3
13046.7
13451.4
13498.6
11431.5
9497.55
6471.29
2750.4
481.228
256.794
0
0
0
0
0
0
0
0
0
233.156
846.71
3305.95
6819.74
9803.91
11890.4
13092.5
13389.3
12811.9
11655.6
9233.84
6020.19
2769.86
741.508
143.701
0
0
0
0
0
0
0
0
0
251.678
748.007
3317.2
6953.21
9866.44
12121.6
13237.4
12949.5
12561.4
11495.6
9463.99
6406.97
2894.74
761.557
156.085
0
0
0
0
0
0
0
0
0
246.863
841.339
3271.75
6816.46
9560.78
11910.8
13496.3
13407.7
13217.1
11815.8
9567.64
6446.41
2862.74
706.467
153.212
0
0
0
0
0
0
0
0
0
234.946
579.748
3227.07
6624.79
9999.99
11494.1
11034.1
13290.1
12268.1
10280.7
8777.03
6350.95
2751.06
1176.95
1.45245
0
0
0
0
0
0
0
0
0
187.404
999.53
1943.22
4466.1
4883.78
3043.75
5184.85
3831.68
6103.9
5389.71
2949.2
3643.73
2216.67
921.879
156.001
0
0
0
0
0
0
0
0
0
75.3418
757.477
3218.72
6947.37
8483.16
3169.1
3255.63
7217.61
12024.4
9668.23
7136.09
4882.75
2754.56
642.985
241.648
0
0
0
0
0
0
0
0
0
195.573
788.775
3331.74
7097
10294.9
12716.3
13921.3
14327.6
14088.2
12285
10022.6
6729.91
3006.97
683.48
192.049
0
0
0
0
0
0
0
0
0
250.582
824.16
3325.74
6978.39
10199.3
12485.7
13611.3
14280.8
13929.2
12249.6
9982.23
6799.34
3045.56
731.783
182.897
0
0
0
0
0
0
0
0
0
316.586
706.114
3384.09
7247.95
10396.5
12806.6
14065.8
14502.3
13839
12313.3
9924.92
6698.25
3012.84
618.984
239.328
0
0
0
0
0
0
0
0
0
329.469
629.828
3312.97
7145.93
10287
12582.5
13534.3
14086.2
13459.1
12205.2
9877.62
6739.74
2995.56
554.436
266.854
0
0
0
0
0
0
0
0
0
316.446
638.358
3272.54
7005.89
10128.4
12309.6
13470.6
13823.2
13468.9
12134.9
9795
6622.17
2951.92
560.55
267.704
0
0
0
0
0
0
0
0
0
422.953
478.853
3227.82
7147.01
10402.6
12677.5
13950
14392.9
13820.1
12221.5
10085.2
6861.87
3025.98
425.695
378.778
0
0
0
0
0
0
0
0
0
345.176
593.746
3184.73
7061.31
10171.8
12195.1
13749.8
14090.8
13294.4
12015.9
9695.09
6429.1
2889.95
515.05
280.356
0
0
0
0
0
0
0
0
0
417.46
648.377
3079.72
6919.71
10195.3
11819.4
13915.7
14168.1
13648
12273.4
9797.63
6671.19
2937.27
413.16
417.13
0
0
0
0
0
0
0
0
0
205.274
795.462
3119.58
6633.68
9885.41
12161.8
13664.7
14126.6
13613.6
12036
9630.95
6468.49
2979.42
729.451
197.558
0
0
0
0
0
0
0
0
0
497.507
388.339
3071.89
6951.64
10246.6
12615.8
13956.4
14176.7
13723.8
12248.3
9994.3
6735.33
2993.69
365.617
487.133
0
0
0
0
0
0
0
0
0
290.857
607.873
3085.57
6753.28
9908.95
12115.7
13227.5
13796.2
13027.4
11728.3
9590.65
5849.53
3340.59
799.68
201.058
0
0
0
0
0
0
0
0
0
416.023
425.093
3060.35
6846.03
9743.56
12019.8
13336.6
13652.1
13284.9
12034.9
9728.88
6619.45
2967.4
439.866
406.653
0
0
0
0
0
0
0
0
0
424.863
457.274
3015.7
6790.15
9760.36
12062.7
12968.4
13450.1
13455.5
12007.4
9648.35
6569.16
2974.14
441.171
416.315
0
0
0
0
0
0
0
0
0
257.632
602.408
2998.13
6570.54
9519.61
11622.2
12903.6
13552.8
13126.2
11847.8
9492.44
6451.9
2946.33
574.194
269.414
0
0
0
0
0
0
0
0
0
296.622
606.661
2922.09
6303.57
9621.39
11683.7
13252.9
13359.2
13136.4
11827.6
9615.39
6510.79
2934.62
440.993
410.99
0
0
0
0
0
0
0
0
0
433.719
394.966
2946.15
6766.92
9837.12
11954.2
13001
13715.7
13154.9
11984.7
9723.98
6612.68
3006.55
383.31
421.767
0
0
0
0
0
0
0
0
0
343.51
442.413
2887.9
6639.52
8838.51
11472.6
13138.3
13418.5
13414.4
11392.6
9184.55
6350.98
3432.42
890.393
281.14
0
0
0
0
0
0
0
0
0
233.872
911.67
2416.08
5876.54
10018.9
11634.1
12791.6
13562.4
13373.9
12215.9
9811.72
6765.02
2870.28
841.215
100.561
0
0
0
0
0
0
0
0
0
36.735
837.609
2577.65
3601.02
6265.66
8844.39
10462.6
12421.5
12153.6
10970.6
9741.24
6275.41
3448.77
462.401
82.2
0
0
0
0
0
0
0
0
0
86.396
695.192
2660.49
3309.49
7978.92
11839.7
12329
12757.5
12655.7
11693.6
7421.01
3473.85
2189.04
977.27
86.4136
0
0
0
0
0
0
0
0
0
463.149
393.363
2964.56
6757.21
10072.4
12307.7
13461.3
14211
13480
12194.6
9822.01
6860.28
3106.7
350.12
540.834
0
0
0
0
0
0
0
0
0
179.698
834.978
3214.67
6765.02
10227
12376.6
13454.5
14136.9
13765.2
12351.3
9974.55
6876.69
3146.91
632.374
547.294
0
0
0
0
0
0
0
0
0
226.25
689.305
3253.98
6766.29
10040.3
11104.8
12644.7
14218
13632.1
11300.3
9964.41
6768.4
3165.36
612.55
203.547
0
0
0
0
0
0
0
0
0
324.563
467.639
2931.36
4475.97
6053.41
8894.74
10073
11099.5
12570.3
10360.3
9654.42
6779.53
3166.82
788.966
204.421
0
0
0
0
0
0
0
0
0
191.58
614.378
2863.65
6423.5
9607.87
11871.9
13104.1
13220
13064.4
11750.1
9400.71
6520.17
3086.6
601.035
268.28
0
0
0
0
0
0
0
0
0
104.951
575.414
2883.59
6530.58
9749.75
11721.7
13276.5
13361.9
13258.3
11979.2
9850.87
6741.13
3114.54
479.598
317.843
0
0
0
0
0
0
0
0
0
179.827
859.344
2728.35
6451.72
9691.93
11941.8
13066.2
13571.8
12915.7
11817.9
9667.12
6707.69
3192.41
788.932
253.856
0
0
0
0
0
0
0
0
0
61.3455
877.504
2879.4
6375.89
9278.5
11649.1
13090
13572.3
13375.8
11928
9726.59
6799.87
3416.74
1028.09
199.67
0
0
0
0
0
0
0
0
0
199.984
681.554
2848.32
6238.4
9600.28
11916.5
12838.1
13837
13130.2
11863.6
9604.52
6559.7
3086.54
723.538
189.839
0
0
0
0
0
0
0
0
0
55.0928
804.398
2871.9
6302.06
9492.63
11831
13212
13444.7
13509.1
11936
9529.65
6452.96
3120.91
835.629
182.715
0
0
0
0
0
0
0
0
0
131.075
655.934
2832.62
6389.23
9363.28
11760.8
13083.6
13407.5
13511.2
12002.7
9692.22
6700.17
3411.69
823.984
137.199
0
0
0
0
0
0
0
0
0
114.038
776.623
2843.03
6467.87
9599.49
11820.3
13313.4
13684
13349.6
11921.2
9824.89
6687.74
3156.34
670.862
204.773
0
0
0
0
0
0
0
0
0
61.4594
825.024
3019.49
6602.93
9553.26
11720.4
12846.9
13409.4
13034.1
11815.7
9695.7
6654.38
3138.82
660.042
94.1044
0
0
0
0
0
0
0
0
0
32.5327
829.069
2950.75
6390.75
9348.55
11466.4
12888.4
13832.4
13179.3
12392.4
9868.37
6770.36
3178.39
654.599
211.847
0
0
0
0
0
0
0
0
0
155.421
719.394
2922.19
6408.87
9264.59
10871.7
13795
13983.2
13492.7
12310.7
9919.17
6583.04
2857.24
937.499
196.501
0
0
0
0
0
0
0
0
0
143.009
433.342
2738.31
6409.53
9656.36
11957.6
13303.8
13478.5
13503.9
12161.3
9960.5
6730.67
3104.92
849.715
103.431
0
0
0
0
0
0
0
0
0
77.1288
645.826
2831.98
6390.44
9744.7
12029.7
13536.9
13743.5
13445
12235.9
9944.95
6735.12
3179.49
661.587
183.948
0
0
0
0
0
0
0
0
0
61.3949
632.147
2802.49
6496.46
9728.89
12102.8
13450.3
13681.8
13489.7
12300.6
9771.77
6829.21
3185.83
664.512
166.608
0
0
0
0
0
0
0
0
0
0
702.605
2682.04
6226.3
9434.24
11405.4
12680.7
13034.7
12229.7
11482.1
7723.67
6505.95
2553.93
894.118
38.3988
0
0
0
0
0
0
0
0
0
0
780.767
2911.38
5852.3
9170.74
11976.2
13398
14248
13449.6
12190.8
9924.8
6636.81
3182.37
816.955
142.21
0
0
0
0
0
0
0
0
0
0
687.507
2785.63
6422.57
9733.09
12166.1
13551.6
12858.4
12944.6
11246.4
6316.77
5691.3
3142.01
971.602
0
0
0
0
0
0
0
0
0
0
58.1577
628.819
2785.05
6436.26
9764.61
12212.1
13614
14001.2
13680.6
12108.6
9937.42
6788.57
3192.38
642.848
138.18
0
0
0
0
0
0
0
0
0
0
568.894
2597.7
6365.86
9455.86
11898.7
12463.7
10975.7
11238.8
12287.5
9770.39
6589.94
3107.03
834.015
80.0759
0
0
0
0
0
0
0
0
0
0
850.602
2329.07
6354.73
9104.1
10032.7
11617.3
13918.5
13644.8
12089.2
9589.69
6789.4
2484.56
832.639
242.1
0
0
0
0
0
0
0
0
0
0
711.652
2733.6
6199.94
9433.12
11770.8
13369.9
13830.3
13263.3
12033.7
9939.65
6324.01
2735.93
762.022
0
0
0
0
0
0
0
0
0
0
51.6422
857.233
2668.9
5760.54
9383.98
11499.6
12676.9
13781.2
12886.9
12171.3
10180.1
6958.52
3250.05
765.785
97.9954
0
0
0
0
0
0
0
0
0
22.3228
742.846
2563.39
4390.01
9289.58
10485.3
5503.71
6492.82
5990.82
9844.26
9989.95
5770.4
3491.35
980.25
7.9544
0
0
0
0
0
0
0
0
0
0
691.233
1770.64
4623.88
6599.13
8210.27
8656.53
10276.1
13517.4
12030.1
10000.6
6619.24
3108.76
916.245
132.061
0
0
0
0
0
0
0
0
0
67.5715
402.918
2716.99
6549.02
9681.75
11827.5
13286.3
13833.9
13508.1
12184.5
9996.11
6859.75
3120.27
359.957
179.283
0
0
0
0
0
0
0
0
0
0
615.224
2690.81
6290.32
9453.66
11652.3
13106.3
13587.1
13208
11827.6
9587.1
6500.36
3034.36
692.011
69.4404
0
0
0
0
0
0
0
0
0
0
463.857
2782.63
6706.72
9910.74
12002.4
13531.7
14119.4
13753.6
12344.6
10012.6
6837.24
3154.52
449.409
116.421
0
0
0
0
0
0
0
0
0
0
444.075
2753.49
6692.5
10007.3
12427.1
13742.5
14149.5
13618
12283
10017.9
6878
3355.56
806.36
49.0887
0
0
0
0
0
0
0
0
0
0
488.188
1192.4
2936.55
5012.2
6657.81
13309.3
13002.3
13419.8
11584.8
9928.03
6614.03
3106.17
763.184
41.5606
0
0
0
0
0
0
0
0
0
0
517.298
2917.27
5934.3
9718.73
11776.7
11854.1
13505.9
13653.6
11785.5
9786.89
7090.64
3052.3
722.556
60.2375
0
0
0
0
0
0
0
0
0
0
581.68
2544.67
6199.04
9710.55
12112.1
13570.3
14114.9
13580.6
12102.3
7369.08
6056.91
2223.33
625.141
0
0
0
0
0
0
0
0
0
0
0
380.691
2793.19
6710.33
9937.09
12179.3
13682
14235.2
13885.9
12492.5
9490.5
6360.96
3228.6
725.553
0
0
0
0
0
0
0
0
0
0
0
598.807
2937.57
6481.95
8998.33
9335.22
13224.1
13548.8
13360.8
12231.2
10022
6909.53
3001.17
661.013
9.97535
0
0
0
0
0
0
0
0
0
0
432.926
2771.65
6606.64
9944.31
12231.5
13554.3
14121.1
13739.9
12460.8
10109.5
6855.1
2982.98
600.271
0
0
0
0
0
0
0
0
0
0
0
519.664
2674.96
6442.59
9753.68
12241.1
13678.4
14162.9
13722.6
12415
9819.94
6022.27
2914.65
538.405
0
0
0
0
0
0
0
0
0
0
0
435.264
2723.68
6522.26
9942.98
12190.4
12905.5
14409.8
13545.6
12168.3
10184
5986.03
2567.38
728.481
0
0
0
0
0
0
0
0
0
0
0
447.975
2770.85
6154.15
9111.28
12545.4
13980.2
14308.6
13872.7
12283.4
9832.25
6605.15
2947.43
572.066
0
0
0
0
0
0
0
0
0
0
0
713.236
2554.57
5858.91
6544.68
8545.2
12122.6
14525.1
13233.3
11748.4
8825.63
6573.76
2854.32
329.365
12.5681
0
0
0
0
0
0
0
0
0
0
431.586
2770.73
6630.03
10157.1
12823.4
14334.3
14827.8
14258.9
12715.6
10234.7
6821.83
3006.16
489.603
0
0
0
0
0
0
0
0
0
0
0
415.522
2604.7
6410.81
9694.96
12499.9
12812.7
13421.6
12576.3
12065.7
9714.44
6725.88
2866.03
517.976
0
0
0
0
0
0
0
0
0
0
0
524.752
2721.68
7606.71
6197.62
10601.4
13674.4
14104.1
13057.6
7706.36
7921.04
5153.78
2847.12
428.243
0
0
0
0
0
0
0
0
0
0
0
599.693
2385.71
5455.81
8906.84
12698.9
13466.5
14307.9
14090.3
12489.8
9982.64
7125.09
3162.87
390.579
0
0
0
0
0
0
0
0
0
0
0
345.903
2885.4
6749.34
9643.44
12406.1
14180.7
15047.7
14415.2
7483.22
9208.69
4634.6
2225.02
405.985
0
0
0
0
0
0
0
0
0
0
0
419.974
2115.7
6179.2
9236.68
11718.7
13621.7
14239.8
13776.8
12254.5
9782.52
6408
2756.29
494.942
0
0
0
0
0
0
0
0
0
0
0
305.853
2913.1
6952
10322.6
12695.3
14151.7
14672.2
14206.8
12736.2
10241.6
6856.57
2912.67
302.057
0
0
0
0
0
0
0
0
0
0
0
316.266
2897.56
6969.36
10375.9
12603.9
14004.1
14400.1
13889.9
12454.6
10149.3
6785.83
2848.93
328.209
0
0
0
0
0
0
0
0
0
0
0
262.637
2966.61
7100.08
10489
12775.8
14226.2
14689.6
14178.1
12740.6
10448.8
7062.35
2985.37
302.012
0
0
0
0
0
0
0
0
0
0
0
235.591
2963.3
7117.8
10556.3
12937.4
14366.2
14845.6
14336.6
12862
10558.8
7139.55
3117.03
369.963
0
0
0
0
0
0
0
0
0
0
0
316.821
2963.87
7141.71
10680.6
13118.4
14618
15106.4
14534.1
12061.9
10005
5573.49
2973.03
424.064
0
0
0
0
0
0
0
0
0
0
0
320.552
2644.36
5530.89
7821.22
11757.4
13314.5
14452.8
13867.6
12034.4
9902.2
6136.63
2635.51
406.663
0
0
0
0
0
0
0
0
0
0
0
423.128
2817.44
6917.31
10740.7
10981
14153.3
14865.3
14202.5
12488.4
10167.5
6759.77
2795.94
238.622
0
0
0
0
0
0
0
0
0
0
0
478.986
1761.17
4826.2
8742.53
7920.27
7566.24
7655.73
6205.84
7462.32
7497.41
3684.02
1902.98
443.158
0
0
0
0
0
0
0
0
0
0
0
421.216
1560.92
3559.59
4478.15
5459.26
5482.96
7281.05
6244.01
5309.28
7606.27
4763.54
2384.53
341.762
0
0
0
0
0
0
0
0
0
0
0
357.333
2684.76
6667.92
9938.13
12596.3
14001
14509.8
14052.4
12344.7
9828.67
6394.1
2580.55
307.91
0
0
0
0
0
0
0
0
0
0
0
340.737
2889.9
6879.29
10225
12354.9
13929.3
14448.5
14042.1
12482.2
9980.19
6501.73
2545.1
262.082
0
0
0
0
0
0
0
0
0
0
0
526.153
2737.63
6994.98
10854.9
13219.6
14553.8
14671.3
14510
12900.7
10250.6
6804.52
2643.56
311.995
0
0
0
0
0
0
0
0
0
0
0
319.276
2927.2
7367.83
10704.7
12740.5
13982.3
14919.6
13936.2
12616.2
9900.7
6317.39
2483.94
389.578
0
0
0
0
0
0
0
0
0
0
0
305.812
1237.11
5725.53
7660.83
7703.29
8199.29
9160.01
7739.96
5940.28
3681.34
1994.46
946.404
183.314
0
0
0
0
0
0
0
0
0
0
0
339.761
1322.31
3641.01
7018.47
9958.61
7620.38
6525.54
6639.38
5464.24
3725.24
2409
1654.76
257.237
0
0
0
0
0
0
0
0
0
0
0
292.185
2925.46
7182.78
10236.5
13097.2
14616.2
14813.2
14527.8
12910.4
10181.9
6767.12
2563.38
167.393
0
0
0
0
0
0
0
0
0
0
0
257.539
3148.8
7374.09
10662.7
13163.2
13422.9
14519.5
14330.6
12538.3
10311.9
6712.76
2578.55
182.762
0
0
0
0
0
0
0
0
0
0
0
333.824
3032.78
7216.74
10565.9
12857.6
14143.9
14598.7
13702.6
12475
9938.77
6345.24
2436.52
238.529
0
0
0
0
0
0
0
0
0
0
0
309.798
2800.25
6840
9765.19
12592.3
13882.3
14323.1
13613.7
11745.4
6775.26
4446.48
2059.74
250.703
0
0
0
0
0
0
0
0
0
0
0
272.393
3136.87
7379.09
10337
13135.4
14256.4
14703.8
14144.7
12360.4
9697.67
6091.32
1988.65
349.358
0
0
0
0
0
0
0
0
0
0
0
278.248
3184.63
7467.85
10772.3
13184.5
14079.7
14990.5
13954.8
12415.5
10004.8
6393.35
2386.19
160.422
0
0
0
0
0
0
0
0
0
0
0
289.417
3173.55
7399.02
10773.1
12946.2
13755.4
14229.2
13956.2
12380.5
9931.97
5917.12
2284.52
147.272
0
0
0
0
0
0
0
0
0
0
0
292.503
3201.08
7410.96
10940.9
12847.4
14427.7
13487.7
14172.4
12275.9
9658.48
6361.4
2307.83
149.275
0
0
0
0
0
0
0
0
0
0
0
409.752
2799.22
6595.22
7190.16
8876.86
10108.7
7765.72
6465.93
8088.2
2447.7
2259.49
1437.64
142.72
0
0
0
0
0
0
0
0
0
0
0
336.335
3270.52
7744.58
11288.4
13214.7
14120.4
15456.3
14509.8
12761.3
10058.3
6431.47
2313.52
129.103
0
0
0
0
0
0
0
0
0
0
0
313.907
3282.47
7609.9
11219.2
13472.6
15179.7
15063.6
14440.5
12775.3
9472.53
5090.96
1638.11
163.623
0
0
0
0
0
0
0
0
0
0
0
324.267
3340.34
7607.49
9832.09
13002.3
14412.3
15722.3
14727.3
10364.3
7875.92
5014.08
1570.05
128.186
0
0
0
0
0
0
0
0
0
0
0
373.024
1506.84
3705.69
9030.8
9987.81
13304.1
11150
10764.2
12223.4
8405.4
3689.48
975.317
126.766
0
0
0
0
0
0
0
0
0
0
0
176.52
1383.73
6056.38
6662.72
7182.74
12631.2
13069.9
13276.3
12575.1
8822.78
6256.1
2086.98
136.162
0
0
0
0
0
0
0
0
0
0
0
374.003
3326.23
7347.05
10737.6
13282.9
14880.3
14633.3
14568.9
12388.9
6984.13
5264.32
1984.37
96.5846
0
0
0
0
0
0
0
0
0
0
0
367.832
3048.73
7334.64
10682.4
13059.3
14626.5
14796.2
14391.6
12649
9771.12
5983.07
1929.53
117.371
0
0
0
0
0
0
0
0
0
0
0
364.125
3106.34
7398.96
10815.9
13112.6
14794.3
14846.5
14071.6
12609.9
9744.15
5924.39
1868.75
87.6722
0
0
0
0
0
0
0
0
0
0
0
335.19
2954.2
7014.14
10728.7
13126.1
14249.5
14223.1
13840
12125.9
9089.01
5550.97
1678.83
85.0514
0
0
0
0
0
0
0
0
0
0
0
333.65
2796.5
6927.92
10392.8
12841.5
14264
14348.8
13672
11864.8
9037.61
5349.23
1571.28
68.097
0
0
0
0
0
0
0
0
0
0
0
330.746
2866.74
7003.57
10371.6
12787.7
13966.5
14245.3
13441.4
11782.6
8968.54
5378.3
1568.2
37.5575
0
0
0
0
0
0
0
0
0
0
0
287.003
2698.59
6763.33
10291.4
13093.2
14488.1
14778.7
14013.7
12166.8
9131.19
5285.68
1483.44
23.1934
0
0
0
0
0
0
0
0
0
0
0
334.431
3037.25
7317.93
10972.9
13544.1
14582.2
14867.2
13943.9
12014.9
9360.92
5587.31
1606.32
25.7261
0
0
0
0
0
0
0
0
0
0
0
304.325
2881.55
7121.48
10602.4
12954.7
14247
14662.2
13831.5
11645.5
8941.27
5288.94
1468.33
0
0
0
0
0
0
0
0
0
0
0
0
325.592
3098.69
7355.51
10767
13312.2
14245.8
14095.1
13303.5
12058.5
9394.91
5450.34
1534.46
0
0
0
0
0
0
0
0
0
0
0
0
357.571
3261.63
7503.62
11118.5
13360.2
14355.5
14474.2
13777.4
12152.3
9384.69
5500.07
1582.91
0
0
0
0
0
0
0
0
0
0
0
0
281.146
2774.99
7009.04
10767.5
13160.5
14164.2
13936.7
13521.9
11480.4
8826.35
5007.83
1284.03
0
0
0
0
0
0
0
0
0
0
0
0
293.432
2886.48
7194.49
10700.3
12954.4
14496
14926.4
14233.8
12342.3
9280.57
5209.52
1268.93
0
0
0
0
0
0
0
0
0
0
0
0
387.779
3555.76
7985.25
11316.3
13292.6
14714.8
14401
13771.2
12097.2
7234.12
3854.29
592.084
0
0
0
0
0
0
0
0
0
0
0
0
0
1394.07
3123.89
3255.67
4910.41
5861.63
9600.46
7894.52
10451.5
8606.99
4873.72
1382.35
0
0
0
0
0
0
0
0
0
0
0
0
270.955
2592.55
7025.97
8792.37
10975.4
14740.8
14945.8
14307.1
12627.2
9465.56
5419.73
1302.19
0
0
0
0
0
0
0
0
0
0
0
0
336.112
3333.46
7796.96
11428.9
13682.4
14947.1
15160
14302.5
12459.3
9568.29
5541.14
1363.2
0
0
0
0
0
0
0
0
0
0
0
0
223.634
2821.8
7214.54
10878.3
13295.5
14483.9
14688.3
13687
11827.5
8839.92
4844.22
1028.28
0
0
0
0
0
0
0
0
0
0
0
0
282.271
3316.68
7805.06
11390.6
13693.2
15022.9
15066.4
14084.6
12333.3
9460.28
5459.05
1294.83
0
0
0
0
0
0
0
0
0
0
0
0
310.792
3384.47
7882.18
11362.3
13655.4
15044.4
15327.5
14548.8
12558.9
9526
5514.07
1326.28
0
0
0
0
0
0
0
0
0
0
0
0
268.921
2389.37
6411.28
10258.6
13794.6
12005.6
13227.7
13431.4
9953.28
6616.03
4613.41
904.853
0
0
0
0
0
0
0
0
0
0
0
0
78.9081
1543.36
3304.33
5844.86
5368.61
12942.6
14121.2
13652.4
12162
8172.68
3858.06
937.09
0
0
0
0
0
0
0
0
0
0
0
0
287.85
3313.06
7378.36
10222.6
12488.6
14083.7
14131.6
12617.6
8759.56
5747.59
2256.31
590.371
0
0
0
0
0
0
0
0
0
0
0
0
224.193
3122.98
7565.91
11167.7
13583.8
14736.7
14846.1
13830
12085.8
9053.12
5035.79
1074.46
0
0
0
0
0
0
0
0
0
0
0
0
265.331
3372.15
7845.42
11292.5
13511.1
14701.2
14822.7
13917.9
12069.1
9140.36
5171.45
1185.85
0
0
0
0
0
0
0
0
0
0
0
0
290.452
3378.24
7775.8
11185.6
13352
14629.5
14903.9
14102.8
11770.1
9015.33
4805.64
797.882
0
0
0
0
0
0
0
0
0
0
0
0
300.716
3434.06
7992.02
11759.6
14364.8
15752.6
16056
15312.6
13179.1
9897.37
5533.63
1275.6
0
0
0
0
0
0
0
0
0
0
0
0
188.824
3143.72
6987.89
10960.5
13874
14879.1
15446.6
14689.7
12699.1
9486.51
5313.45
1166.48
0
0
0
0
0
0
0
0
0
0
0
0
113.499
2855.33
7458.86
11381.8
14043.5
15328.1
15338.5
14265.8
12183.6
8859.84
4588.46
797.916
0
0
0
0
0
0
0
0
0
0
0
0
156.548
3362.04
7994.14
11614.9
14137.1
15287.2
15370.8
14297.9
12265.4
9147.96
5042.05
1075.67
0
0
0
0
0
0
0
0
0
0
0
0
0
570.119
2317.36
2895.99
4214.86
5026.19
4890.17
4553.73
4742.32
5046.93
2231.49
453.478
0
0
0
0
0
0
0
0
0
0
0
0
139.735
3210.37
8011.59
11581
13779
14862
14849.2
14027.6
12299.9
9321.12
5142.17
1083.42
0
0
0
0
0
0
0
0
0
0
0
0
51.8004
2901.25
7541.43
11188.2
13570.4
14835.8
14937.5
13942.3
11890.1
8722.05
4511.58
782.218
0
0
0
0
0
0
0
0
0
0
0
0
107.913
3253.3
7921.66
11411.1
13686.3
14824.9
14891.9
13901.2
12076.3
9079.24
4867.52
937.646
0
0
0
0
0
0
0
0
0
0
0
0
78.0605
3176.34
7852.69
11374.3
13685.5
14803.1
14875.2
13868.6
11975.2
8955.77
4788.16
922.853
0
0
0
0
0
0
0
0
0
0
0
0
69.4368
2609.11
6466.94
11245.2
13664.8
14878.2
14849.8
13729.1
11726.5
8606.72
4515.61
792.892
0
0
0
0
0
0
0
0
0
0
0
0
13.9044
2763.39
7269.11
10805
13104.1
14308.6
14451.3
13440.7
11407.7
8303.66
4241
656.245
0
0
0
0
0
0
0
0
0
0
0
0
67.786
2675.64
6721.92
11449
13658.1
14892.6
13766.2
13075.9
10968.7
7557.18
3902.21
733.588
0
0
0
0
0
0
0
0
0
0
0
0
0
2578.37
7177.59
10748.9
13073.9
14288.8
14236.9
13202.4
11270.4
8207.71
4057.95
551.058
0
0
0
0
0
0
0
0
0
0
0
0
0
2108.77
6514.78
10278.4
12759.1
14022.3
14129.4
13069.3
10943.8
7670.69
3478.93
372.38
0
0
0
0
0
0
0
0
0
0
0
0
27.5935
2967.3
7653.31
11239.4
13599.4
14761.5
14717.6
13665.5
11739.6
8653.41
4315.6
734.986
0
0
0
0
0
0
0
0
0
0
0
0
0
1155.35
4319.31
6118.91
7418.88
7630.35
7230.77
4676.06
8807.91
8661.2
3645.25
699.869
0
0
0
0
0
0
0
0
0
0
0
0
34.6852
2887.28
7639.59
11208.2
12233.1
13820.9
14792.6
13728.4
11279.2
8313.97
3313.3
457.998
0
0
0
0
0
0
0
0
0
0
0
0
0
2542.35
7295.18
11085.8
13540.7
14832.2
14887.1
13824.6
11690.3
8396.34
4073.06
510.802
0
0
0
0
0
0
0
0
0
0
0
0
0.202663
3042.17
7783.19
11511.3
13884
15004.1
14936.6
13861.9
12001.2
8873.02
4568.79
733.209
0
0
0
0
0
0
0
0
0
0
0
0
0
2795.35
7497.72
11126.3
13564.3
14781.4
14846.6
13876.2
11911.7
8829.3
4487.78
656.084
0
0
0
0
0
0
0
0
0
0
0
0
0
2479.97
7254.54
11071
13635.5
14826.8
14806.4
13582.8
10011.2
7566.76
2093.69
301.873
0
0
0
0
0
0
0
0
0
0
0
0
0
1031.95
4131.15
8114.38
9428.45
7637.52
12645.6
6765.06
5027.87
4601.34
1492.55
285.689
0
0
0
0
0
0
0
0
0
0
0
0
0
1578.96
2926.13
5609.43
10673.2
8165.6
8304.62
8368.68
8019.87
8559.06
4531.81
712.981
0
0
0
0
0
0
0
0
0
0
0
0
0
2385.83
7049.63
10937.3
13611.2
14878.9
15074.5
14138.8
11760.4
8382.67
4036.37
485.998
0
0
0
0
0
0
0
0
0
0
0
0
0
2463.22
7152.35
10957.3
13492.5
14752.4
14805.4
13767.5
11684.6
8384.22
4097.86
514.603
0
0
0
0
0
0
0
0
0
0
0
0
0
1279.8
6565.76
8695.65
11509.5
14003.7
14241.8
12553.4
10513.7
7107.52
3583.36
558.075
0
0
0
0
0
0
0
0
0
0
0
0
0
2680.73
7412.53
11236.9
13571.9
14880.2
14892.1
13828.9
11842.9
8651.92
4366.39
571.414
0
0
0
0
0
0
0
0
0
0
0
0
0
2118.22
6796.4
10934
13192.8
14323.2
13612.5
12652.7
10909.2
8410.28
4080.67
531.803
0
0
0
0
0
0
0
0
0
0
0
0
0
1219.43
4118.47
8463.45
9835.81
12651.4
12502.1
10622.2
9914.84
6429.44
2603.52
133.737
0
0
0
0
0
0
0
0
0
0
0
0
0
1646.75
6083.86
9493.73
12981.9
14285.3
14470.6
13448.2
11188.2
7916.04
3806.79
287.507
0
0
0
0
0
0
0
0
0
0
0
0
0
2268.75
7004.29
10777.9
13038
14209.5
14418.3
13387.5
10833.4
7367.15
2822.67
174.454
0
0
0
0
0
0
0
0
0
0
0
0
0
2217.02
7012.26
10781.4
13016.5
14371.6
14436.3
13455.5
11492.3
8208.12
3831.26
279.573
0
0
0
0
0
0
0
0
0
0
0
0
0
697.394
2554.69
3557.39
6286.88
11129
11588.7
10200.7
8206.05
3706.27
1849.05
157.552
0
0
0
0
0
0
0
0
0
0
0
0
0
1284.68
5965.43
9476.79
12139.6
13497.4
13667.2
12627.9
10638.6
7280.21
3007.21
116.736
0
0
0
0
0
0
0
0
0
0
0
0
0
2341.91
7080.56
10783.5
13123.5
14356.2
14481.1
13482.2
11520.7
8376.98
4177.33
344.856
0
0
0
0
0
0
0
0
0
0
0
0
0
1724.25
6485.03
10366.8
12853.8
14231.1
13604.6
13057.5
10869.3
7757.17
3393.37
107.291
0
0
0
0
0
0
0
0
0
0
0
0
0
1875.63
6713.48
10600.8
12940.5
14335.6
14500.6
13546.9
11600.5
8299.4
3923.31
210.862
0
0
0
0
0
0
0
0
0
0
0
0
0
347.971
1821.5
3908.14
5080.44
7442.29
6565.37
6217.73
4381.03
2730.42
1339.79
0
0
0
0
0
0
0
0
0
0
0
0
0
0
705.81
2650.69
4432.11
9175.18
10163.8
12049.6
11085.4
7535.29
6932.96
2710.73
40.892
0
0
0
0
0
0
0
0
0
0
0
0
0
306.003
1403.79
2416.01
2901.56
5553.64
9486.19
8713.97
7756.89
5847.75
1367.43
88.312
0
0
0
0
0
0
0
0
0
0
0
0
0
1860.73
6477.07
10199.4
12161.7
12745.4
13010.1
9841.47
10425
7798.85
3963.89
127.577
0
0
0
0
0
0
0
0
0
0
0
0
0
1721.45
6093.7
9888.23
12964.6
14056.6
14011.8
12697.1
11020.1
8165.43
3932.92
127.256
0
0
0
0
0
0
0
0
0
0
0
0
0
584.857
2247.96
2809.58
5603.73
10135.1
9141.7
12397
8291.78
4720
1366.72
74.2978
0
0
0
0
0
0
0
0
0
0
0
0
0
225.099
1854.12
3926.43
6434.68
6189.75
7880.72
7882.21
4448.82
2285.57
1354.43
25.1235
0
0
0
0
0
0
0
0
0
0
0
0
0
786.867
3135.58
4275.84
9041.64
12205
13765.5
13829.8
8575.2
4010.72
602.082
69.9473
0
0
0
0
0
0
0
0
0
0
0
0
0
1368.15
5273.36
9516.18
12485
14070.2
14386.9
13379.8
11208.7
7610.99
3049.42
134.963
0
0
0
0
0
0
0
0
0
0
0
0
0
1616.76
5904.01
8881.68
11572.6
13724.2
13887.3
12215.8
11248.2
6449.25
2510.59
152.519
0
0
0
0
0
0
0
0
0
0
0
0
0
1142.92
5901
9871.61
12682.2
14178.4
14133
13269.3
11418.8
8268
2737.99
0
0
0
0
0
0
0
0
0
0
0
0
0
0
1117.19
5927.45
9893.07
11990.6
13980.5
14447.7
13832.7
11902.7
8579.96
2972.39
18.5154
0
0
0
0
0
0
0
0
0
0
0
0
0
971.473
5515.49
9124
12228.6
14182.4
14884
13525.6
12032.9
8856.76
2893.2
15.1895
0
0
0
0
0
0
0
0
0
0
0
0
0
1048.2
6192.12
9802.35
13424.9
15149.8
15328.7
14108.2
12083
8656.69
2404.62
23.6317
0
0
0
0
0
0
0
0
0
0
0
0
0
950.75
5600.04
9834.76
11593
12684.4
11375.4
7393.06
8293.04
2926.37
956.209
9.29949
0
0
0
0
0
0
0
0
0
0
0
0
0
988.574
5849.64
9696.61
11874.4
14082.3
14308.1
14036.8
12400.4
8983.25
2914.62
4.92219
0
0
0
0
0
0
0
0
0
0
0
0
0
1021
6202.62
10664.8
13397.5
14944.7
14962
13878.6
12130.1
6815.45
1109.47
0
0
0
0
0
0
0
0
0
0
0
0
0
0
279.457
2768.48
7906.83
12802.2
14440.4
15164.6
13297.8
8354.86
6998.82
3308.08
29.4008
0
0
0
0
0
0
0
0
0
0
0
0
0
873.77
5870.42
10401.2
12685.4
14276.1
14484.3
13522.6
11834.3
8650.94
3054.57
14.0524
0
0
0
0
0
0
0
0
0
0
0
0
0
768.544
5796.73
9767.98
12622
14151
14386.5
13398.5
11688.5
8688.04
2755.81
0
0
0
0
0
0
0
0
0
0
0
0
0
0
788.715
5162.4
9415.59
12331.2
13265.7
7942.36
12890.5
10185.9
7416.88
3202.4
32.7043
0
0
0
0
0
0
0
0
0
0
0
0
0
24.7186
1085.08
2404.9
5836.12
8799.09
5033.99
4780.95
1640.69
1900.99
298.008
0
0
0
0
0
0
0
0
0
0
0
0
0
0
1118.05
5494.28
8487.09
12316.6
14253.9
13505.1
13405.2
10662.4
5071.33
1981.58
167.329
0
0
0
0
0
0
0
0
0
0
0
0
0
277.087
4010.33
8497.93
11539.5
8628.04
13080.8
11956.2
8191.62
6910.86
1932.29
70.2793
0
0
0
0
0
0
0
0
0
0
0
0
0
97.0655
1084.26
2486.07
4158.9
3769.77
4001.45
1233.14
1858.26
1605.41
254.851
0
0
0
0
0
0
0
0
0
0
0
0
0
0
75.9054
1172.89
2385.64
4390.46
7800.64
8812.31
13331.7
9026.76
3867.27
956.612
74.8065
0
0
0
0
0
0
0
0
0
0
0
0
0
630.289
4189.11
8714.24
12751.6
14800
15393
15199
12054.5
8985.5
4496.35
285.461
0
0
0
0
0
0
0
0
0
0
0
0
0
974.889
5743.67
9906.4
12159.4
12685.7
14277.8
13606.5
12089.5
8361.15
3984.37
290.322
0
0
0
0
0
0
0
0
0
0
0
0
0
894.511
5549.68
9988.1
13001.2
14482.6
14723
14168.1
12107
8438.84
4207.74
169.215
0
0
0
0
0
0
0
0
0
0
0
0
0
209.999
3746.13
1608.98
2448.02
2082.53
2946.53
2092.01
1706.24
1000.91
391.855
0
0
0
0
0
0
0
0
0
0
0
0
0
0
664.311
1696.63
2190.14
4662.04
6032.49
4710.72
2771.92
7679.14
3358
914.103
109.774
0
0
0
0
0
0
0
0
0
0
0
0
0
353.069
4797.83
9411.43
12216.9
14891.8
13027.3
14195
11820.4
8675.64
4123.51
309.117
0
0
0
0
0
0
0
0
0
0
0
0
0
454.508
4949.74
9581.72
13246.2
14926.2
15257.2
14585
12181.3
7852.66
4146.57
196.151
0
0
0
0
0
0
0
0
0
0
0
0
0
525.228
2359.62
5989.97
11297.3
9308.59
14524.1
14593.1
13041.9
9845.44
5427.68
650.963
0
0
0
0
0
0
0
0
0
0
0
0
0
119.765
4582.28
6951.61
10242.1
13683.1
11909
7295.89
8827.25
8659.87
4717.57
456.636
0
0
0
0
0
0
0
0
0
0
0
0
0
990.594
5868
9518.16
12182.8
13716.7
13593.1
14419.9
13006.3
9830.32
5245.71
565.764
0
0
0
0
0
0
0
0
0
0
0
0
0
301.15
2704.09
8289.27
8063.3
10163.8
12389.2
7518.82
10385
7507.77
3029.59
53.7764
0
0
0
0
0
0
0
0
0
0
0
0
0
0
478.135
1672.94
3685.37
3692.92
3327.68
3641.68
2600.01
1691.22
400.132
0
0
0
0
0
0
0
0
0
0
0
0
0
0
0
564.204
1322.2
1574.67
6189.44
5311.5
3071.35
7264.81
3039.76
985.204
101.221
0
0
0
0
0
0
0
0
0
0
0
0
0
743.244
5521.6
8913.74
12106
11559.7
14516.6
14350.7
11899.5
8899.2
5367.05
864.45
0
0
0
0
0
0
0
0
0
0
0
0
0
273.364
4364.65
8896.78
11424.8
13746.5
14355.5
13587.2
11576.4
8524.66
4254.32
393.211
0
0
0
0
0
0
